-0.0499833277759253,0.000857630055279739
-0.049929643440998,0.000856952317439146
-0.0499166388796265,0.000856788862354222
-0.0498499499833278,0.000856028202819611
-0.049783261087029,0.000855345653971824
-0.0497165721907302,0.000854741815950405
-0.0496498832944315,0.000854217179291795
-0.0495831943981327,0.000853772118438802
-0.0495165055018339,0.000853406885902878
-0.0494498166055352,0.00085312160719733
-0.0493831277092364,0.000852916276646649
-0.0493164388129376,0.000852790754162456
-0.0492497499166389,0.000852744763059862
-0.0491830610203401,0.00085277788897004
-0.0491163721240413,0.000852889579885709
-0.0490496832277426,0.000853079147356305
-0.0489829943314438,0.000853345768829538
-0.048916305435145,0.000853688491115878
-0.0488496165388463,0.000854106234932811
-0.0487829276425475,0.000854597800466931
-0.0487162387462487,0.000855161873874163
-0.04864954984995,0.000855797034622348
-0.0485828609536512,0.000856501763566066
-0.0485439735477977,0.000856952317439146
-0.0485161720573525,0.000857275947927178
-0.0484494831610537,0.00085811880408415
-0.0483827942647549,0.000859026470992811
-0.0483161053684562,0.000859997117731094
-0.0482494164721574,0.000861028861206751
-0.0481827275758586,0.000862119775837956
-0.0481160386795599,0.000863267902997824
-0.0480493497832611,0.000864471260087536
-0.0479826608869623,0.000865727849111623
-0.0479200518206481,0.000866955651883959
-0.0479159719906636,0.00086703603718846
-0.0478492830943648,0.000868399393331987
-0.047782594198066,0.000869810192784696
-0.0477159053017673,0.000871266438137409
-0.0476492164054685,0.000872766148454701
-0.0475825275091697,0.000874307363003184
-0.047515838612871,0.000875888144004607
-0.0474717125400511,0.000876958986328776
-0.0474491497165722,0.000877509128470464
-0.0473824608202734,0.000879171031378786
-0.0473157719239747,0.000880866994267766
-0.0472490830276759,0.00088259517034185
-0.0471823941313771,0.000884353735817975
-0.0471157052350784,0.000886140887530245
-0.0470855043981265,0.00088696232077359
-0.0470490163387796,0.00088795945610658
-0.0469823274424808,0.000889806987626684
-0.0469156385461821,0.000891677890912606
-0.0468489496498833,0.000893570402371263
-0.0467822607535845,0.000895482760393788
-0.0467310320397729,0.000896965655218403
-0.0467155718572858,0.000897415279172134
-0.046648882960987,0.000899371068428354
-0.0465821940646882,0.000901341451348839
-0.0465155051683895,0.000903324624547815
-0.0464488162720907,0.000905318767228804
-0.0463938801988356,0.00090696898966322
-0.0463821273757919,0.000907323675175077
-0.0463154384794932,0.000909343530175999
-0.0462487495831944,0.000911368784597771
-0.0461820606868956,0.000913397518449372
-0.0461153717905969,0.000915427787044704
-0.0460646274932536,0.000916972324108034
-0.0460486828942981,0.000917459869050604
-0.0459819939979993,0.000919496666155928
-0.0459153051017006,0.000921529005219764
-0.0458486162054018,0.000923554849256409
-0.045781927309103,0.000925572147907504
-0.0457352854344758,0.000926975658552851
-0.0457152384128043,0.000927581633666255
-0.0456485495165055,0.000929584889281826
-0.0455818606202067,0.000931573348561695
-0.045515171723908,0.000933544949179493
-0.0454484828276092,0.000935497643231933
-0.0453973447453028,0.000936978992997665
-0.0453817939313104,0.000937431488569355
-0.0453151050350117,0.000939349152693142
-0.0452484161387129,0.00094124180820572
-0.0451817272424141,0.000943107525432539
-0.0451150383461154,0.000944944424149271
-0.0450483494498166,0.000946750680354426
-0.0450396416732154,0.000946982327442482
-0.0449816605535178,0.000948531670637067
-0.0449149716572191,0.000950279479368665
-0.0448482827609203,0.000951991408248748
-0.0447815938646215,0.000953665910686081
-0.0447149049683228,0.000955301524119757
-0.044648216072024,0.00095689687375457
-0.0446444057704043,0.000956985661887292
-0.0445815271757252,0.000958457452919592
-0.0445148382794265,0.000959975504836486
-0.0444481493831277,0.000961449516640195
-0.0443814604868289,0.000962878481890829
-0.0443147715905302,0.000964261489712375
-0.0442480826942314,0.000965597723938506
-0.0441813937979326,0.000966886461514487
-0.0441758825167382,0.000966988996332109
-0.0441147049016339,0.000968132326238122
-0.0440480160053351,0.000969329763404518
-0.0439813271090363,0.000970477837006886
-0.0439146382127376,0.000971576165356367
-0.0438479493164388,0.000972624442839235
-0.04378126042014,0.000973622434952977
-0.0437145715238413,0.000974569973037887
-0.0436478826275425,0.000975466948790716
-0.0435811937312438,0.000976313308648751
-0.0435242872156271,0.000976992330776923
-0.043514504834945,0.000977109585432728
-0.0434478159386462,0.000977858172568801
-0.0433811270423475,0.000978556020913271
-0.0433144381460487,0.000979203241081602
-0.0432477492497499,0.000979799971605319
-0.0431810603534512,0.000980346374301755
-0.0431143714571524,0.000980842630079168
-0.0430476825608536,0.000981288935236251
-0.0429809936645549,0.000981685498306485
-0.0429143047682561,0.000982032537488758
-0.0428476158719573,0.000982330278695842
-0.0427809269756586,0.000982578954242305
-0.0427142380793598,0.000982778802182873
-0.042647549183061,0.000982930066301866
-0.0425808602867623,0.000983032996743582
-0.0425141713904635,0.000983087851263305
-0.0424474824941647,0.000983094897068357
-0.042380793597866,0.000983054413209128
-0.0423141047015672,0.000982966693470818
-0.0422474158052684,0.000982832049708429
-0.0421807269089697,0.000982650815559966
-0.0421140380126709,0.000982423350466334
-0.0420473491163721,0.000982150043920925
-0.0419806602200734,0.000981831319867543
-0.0419139713237746,0.000981467641162281
-0.0418472824274758,0.000981059514013094
-0.0417805935311771,0.000980607492310297
-0.0417139046348783,0.000980112181762167
-0.0416472157385795,0.000979574243751863
-0.0415805268422808,0.000978994398835637
-0.041513837945982,0.000978373429806944
-0.0414471490496832,0.000977712184257294
-0.0413804601533845,0.00097701157657196
-0.0413787234248519,0.000976992330776923
-0.0413137712570857,0.000976275886721947
-0.0412470823607869,0.000975503127895414
-0.0411803934644882,0.000974694326876938
-0.0411137045681894,0.000973850666490832
-0.0410470156718906,0.000972973396012933
-0.0409803267755919,0.000972063829025591
-0.0409136378792931,0.000971123340556709
-0.0408469489829943,0.000970153363526305
-0.0407802600866956,0.000969155384535711
-0.0407135711903968,0.000968130939045679
-0.040646882294098,0.000967081606000321
-0.0406411241423936,0.000966988996332109
-0.0405801933977993,0.000966013488236991
-0.0405135045015005,0.00096492426861857
-0.0404468156052017,0.000963815188067267
-0.040380126708903,0.000962687929426227
-0.0403134378126042,0.000961544186475755
-0.0402467489163054,0.000960385656929012
-0.0401800600200067,0.000959214035476921
-0.0401133711237079,0.000958031006981252
-0.0400549244725316,0.000956985661887292
-0.0400466822274091,0.000956838914184921
-0.0399799933311104,0.000955643546316815
-0.0399133044348116,0.00095444173215747
-0.0398466155385128,0.000953235048661934
-0.0397799266422141,0.000952025034601559
-0.0397132377459153,0.000950813186516854
-0.0396465488496165,0.000949600955368829
-0.0395798599533178,0.000948389743930831
-0.039513171057019,0.000947180904950318
-0.039502182554877,0.000946982327442482
-0.0394464821607202,0.000945980346490626
-0.0393797932644215,0.00094478560034583
-0.0393131043681227,0.000943596952295961
-0.0392464154718239,0.000942415547339917
-0.0391797265755252,0.000941242483040498
-0.0391130376792264,0.000940078812144588
-0.0390463487829276,0.000938925545800562
-0.0389796598866289,0.000937783657298396
-0.038932153368302,0.000936978992997665
-0.0389129709903301,0.000936655576332257
-0.0388462820940313,0.00093554435476854
-0.0387795931977326,0.000934447185203815
-0.0387129043014338,0.000933364930102561
-0.038646215405135,0.00093229843739133
-0.0385795265088363,0.000931248545312908
-0.0385128376125375,0.000930216087098899
-0.0384461487162387,0.000929201895355388
-0.03837945981994,0.000928206806061076
-0.0383127709236412,0.000927231662083831
-0.0382948811817279,0.000926975658552851
-0.0382460820273424,0.000926280527202682
-0.0381793931310437,0.000925352133536499
-0.0381127042347449,0.000924446178266183
-0.0380460153384461,0.000923563550088551
-0.0379793264421474,0.000922705152302918
-0.0379126375458486,0.000921871902066011
-0.0378459486495498,0.000921064728830143
-0.0377792597532511,0.000920284571974416
-0.0377125708569523,0.000919532377654221
-0.0376458819606535,0.000918809094909759
-0.0375791930643548,0.000918115671088858
-0.037512504168056,0.000917453046653126
-0.0374616881642973,0.000916972324108034
-0.0374458152717572,0.000916822839911166
-0.0373791263754585,0.00091622732908839
-0.0373124374791597,0.000915665183345207
-0.037245748582861,0.000915137250561576
-0.0371790596865622,0.000914644339934217
-0.0371123707902634,0.000914187215141633
-0.0370456818939647,0.000913766587628044
-0.0369789929976659,0.000913383110124132
-0.0369123041013671,0.000913037370519085
-0.0368456152050684,0.000912729886193159
-0.0367789263087696,0.000912461098912442
-0.0367122374124708,0.000912231370378172
-0.0366455485161721,0.000912040978511932
-0.0365788596198733,0.000911890114545426
-0.0365121707235745,0.000911778880969719
-0.0364454818272758,0.000911707290383916
-0.036378792930977,0.000911675265267671
-0.0363121040346782,0.00091168263868576
-0.0362454151383795,0.000911729155916851
-0.0361787262420807,0.000911814476982308
-0.0361120373457819,0.000911938180035376
-0.0360453484494832,0.000912099765556038
-0.0359786595531844,0.000912298661282893
-0.0359119706568856,0.000912534227800795
-0.0358452817605869,0.00091280576469166
-0.0357785928642881,0.000913112517146461
-0.0357119039679893,0.000913453682928757
-0.0356452150716906,0.000913828419574518
-0.0355785261753918,0.000914235851709501
-0.035511837279093,0.000914675078364209
-0.0354451483827943,0.000915145180167352
-0.0353784594864955,0.000915645226301866
-0.0353117705901967,0.000916174281112799
-0.035245081693898,0.000916731410263698
-0.0352175836816774,0.000916972324108034
-0.0351783927975992,0.000917317276843619
-0.0351117039013004,0.000917930612877222
-0.0350450150050017,0.000918569398921867
-0.0349783261087029,0.000919232751072737
-0.0349116372124041,0.000919919807938334
-0.0348449483161054,0.000920629732553635
-0.0347782594198066,0.000921361713450569
-0.0347115705235078,0.000922114964889482
-0.0346448816272091,0.000922888726270895
-0.0345781927309103,0.000923682260761823
-0.0345115038346115,0.000924494853185462
-0.0344448149383128,0.000925325807236195
-0.034378126042014,0.000926174442093947
-0.034316400470507,0.000926975658552851
-0.0343114371457152,0.000927040386676289
-0.0342447482494165,0.000927926463279296
-0.0341780593531177,0.000928828300912203
-0.0341113704568189,0.000929745234790775
-0.0340446815605202,0.000930676592940527
-0.0339779926642214,0.000931621691206434
-0.0339113037679226,0.000932579828371812
-0.0338446148716239,0.000933550281492779
-0.0337779259753251,0.000934532301549944
-0.0337112370790263,0.000935525109512393
-0.0336445481827276,0.000936527892900878
-0.0336148184100725,0.000936978992997665
-0.0335778592864288,0.000937542391701789
-0.03351117039013,0.000938567249412061
-0.0334444814938313,0.000939599452114673
-0.0333777925975325,0.000940638027513562
-0.0333111037012337,0.000941681962290837
-0.033244414804935,0.000942730202858396
-0.0331777259086362,0.000943781656891452
-0.0331110370123374,0.000944835195629971
-0.0330443481160387,0.000945889656920377
-0.0329776592197399,0.000946943848956783
-0.0329752217247762,0.000946982327442482
-0.0329109703234411,0.000948001235370233
-0.0328442814271424,0.000949056064353778
-0.0327775925308436,0.000950106900595755
-0.0327109036345448,0.000951152477326788
-0.0326442147382461,0.000952191525023535
-0.0325775258419473,0.000953222777915789
-0.0325108369456485,0.000954244980637745
-0.0324441480493498,0.00095525689492176
-0.032377459153051,0.000956257306232664
-0.0323282831827475,0.000956985661887292
-0.0323107702567522,0.000957246228509873
-0.0322440813604535,0.000958224617390898
-0.0321773924641547,0.000959187997447396
-0.032110703567856,0.000960135305611192
-0.0320440146715572,0.000961065531652082
-0.0319773257752584,0.000961977722537598
-0.0319106368789597,0.000962870986145725
-0.0318439479826609,0.000963744494281325
-0.0317772590863621,0.000964597484958874
-0.0317105701900634,0.000965429263926226
-0.0316438812937646,0.000966239205416884
-0.0315803896185935,0.000966988996332109
-0.0315771923974658,0.000967026926534923
-0.0315105035011671,0.000967795120535594
-0.0314438146048683,0.000968539897938599
-0.0313771257085695,0.000969260897434553
-0.0313104368122708,0.000969957819148911
-0.031243747915972,0.000970630421176217
-0.0311770590196732,0.000971278515583885
-0.0311103701233745,0.000971901963960188
-0.0310436812270757,0.00097250067258781
-0.0309769923307769,0.000973074587329433
-0.0309103034344782,0.000973623688315759
-0.0308436145381794,0.000974147984528578
-0.0307769256418806,0.00097464750837228
-0.0307102367455819,0.000975122310326435
-0.0306435478492831,0.000975572453769901
-0.0305768589529843,0.00097599801006302
-0.0305101700566856,0.000976399053969649
-0.0304434811603868,0.000976775659494181
-0.0304024592041721,0.000976992330776923
-0.030376792264088,0.000977128519794703
-0.0303101033677893,0.000977457957877102
-0.0302434144714905,0.00097776302918099
-0.0301767255751917,0.000978043773855628
-0.030110036678893,0.000978300218673176
-0.0300433477825942,0.00097853237644143
-0.0299766588862954,0.000978740246102183
-0.0299099699899967,0.000978923813509269
-0.0298432810936979,0.000979083052868633
-0.0297765921973991,0.000979217928811645
-0.0297099033011004,0.000979328399062018
-0.0296432144048016,0.00097941441764654
-0.0295765255085028,0.000979475938590547
-0.0295098366122041,0.000979512920030678
-0.0294431477159053,0.000979525328670142
-0.0293764588196065,0.000979513144495707
-0.0293097699233078,0.000979476365670823
-0.029243081027009,0.000979415013515949
-0.0291763921307102,0.000979329137485254
-0.0291097032344115,0.000979218820048351
-0.0290430143381127,0.000979084181386925
-0.0289763254418139,0.000978925383818585
-0.0289096365455152,0.000978742635864318
-0.0288429476492164,0.000978536195881375
-0.0287762587529176,0.000978306375190132
-0.0287095698566189,0.000978053540631511
-0.0286428809603201,0.000977778116500516
-0.0285761920640213,0.000977480585811565
-0.0285095031677226,0.00097716149086209
-0.0284763293466066,0.000976992330776923
-0.0284428142714238,0.000976822217183871
-0.028376125375125,0.000976463509426021
-0.0283094364788263,0.000976085304238716
-0.0282427475825275,0.000975688368458873
-0.0281760586862287,0.000975273519916471
-0.02810936978993,0.000974841623768331
-0.0280426808936312,0.000974393588229892
-0.0279759919973324,0.000973930359763884
-0.0279093031010337,0.00097345291779407
-0.0278426142047349,0.000972962269020717
-0.0277759253084361,0.000972459441421236
-0.0277092364121374,0.000971945478025323
-0.0276425475158386,0.00097142143055798
-0.0275758586195398,0.000970888353046462
-0.0275091697232411,0.000970347295488172
-0.0274424808269423,0.000969799297675867
-0.0273757919306435,0.00096924538327424
-0.0273091030343448,0.000968686554237987
-0.027242414138046,0.000968123785655985
-0.0271757252417472,0.000967558021099219
-0.0271090363454485,0.000966990168541738
-0.0271088989745405,0.000966988996332109
-0.0270423474491497,0.000966423695727727
-0.0269756585528509,0.000965856838157333
-0.0269089696565522,0.000965290370370605
-0.0268422807602534,0.000964725027320436
-0.0267755918639547,0.000964161498459921
-0.0267089029676559,0.00096360042794741
-0.0266422140713571,0.000963042415591329
-0.0265755251750584,0.000962488018508469
-0.0265088362787596,0.000961937753456899
-0.0264421473824608,0.0009613920997927
-0.0263754584861621,0.000960851502988694
-0.0263087695898633,0.000960316378643285
-0.0262420806935645,0.000959787116898664
-0.0261753917972658,0.000959264087180146
-0.026108702900967,0.000958747643162453
-0.0260420140046682,0.0009582381278645
-0.0259753251083695,0.000957735878771513
-0.0259086362120707,0.000957241232882679
-0.0258736176756096,0.000956985661887292
-0.0258419473157719,0.000956755592761702
-0.0257752584194732,0.000956279383481837
-0.0257085695231744,0.000955811793647004
-0.0256418806268756,0.00095535320192648
-0.0255751917305769,0.000954904007126063
-0.0255085028342781,0.000954464630824504
-0.0254418139379793,0.00095403551935172
-0.0253751250416806,0.000953617145061925
-0.0253084361453818,0.000953210006867557
-0.025241747249083,0.000952814630013428
-0.0251750583527843,0.00095243156508431
-0.0251083694564855,0.000952061386253463
-0.0250416805601867,0.000951704688793522
-0.024974991663888,0.000951362085884963
-0.0249083027675892,0.000951034204770508
-0.0248416138712904,0.000950721682316083
-0.0247749249749917,0.000950425160050294
-0.0247082360786929,0.000950145278764248
-0.0246415471823941,0.000949882672762139
-0.0245748582860954,0.000949637963859886
-0.0245081693897966,0.000949411755234213
-0.0244414804934978,0.000949204625227893
-0.0243747915971991,0.000949017121218205
-0.0243081027009003,0.000948849753655127
-0.0242414138046015,0.000948702990373278
-0.0241747249083028,0.000948577251277217
-0.024108036012004,0.000948472903493621
-0.0240413471157052,0.000948390257075909
-0.0239746582194065,0.000948329561337558
-0.0239079693231077,0.000948291001879479
-0.0238412804268089,0.000948274698365056
-0.0237745915305102,0.000948280703083293
-0.0237079026342114,0.000948309000327103
-0.0236412137379126,0.000948359506599481
-0.0235745248416139,0.00094843207164607
-0.0235078359453151,0.00094852648029818
-0.0234411470490163,0.000948642455096383
-0.0233744581527176,0.000948779659651182
-0.0233077692564188,0.000948937702684596
-0.02324108036012,0.000949116142684696
-0.0231743914638213,0.000949314493094647
-0.0231077025675225,0.000949532227948639
-0.0230410136712237,0.000949768787859584
-0.022974324774925,0.000950023586257604
-0.0229076358786262,0.000950296015774254
-0.0228409469823274,0.000950585454665388
-0.0227742580860287,0.000950891273165214
-0.0227075691897299,0.000951212839665989
-0.0226408802934311,0.000951549526621236
-0.0225741913971324,0.00095190071607596
-0.0225075025008336,0.000952265804734439
-0.0224408136045348,0.000952644208485007
-0.0223741247082361,0.000953035366311368
-0.0223074358119373,0.000953438743531494
-0.0222407469156385,0.000953853834317649
-0.0221740580193398,0.000954280163464222
-0.022107369123041,0.000954717287383989
-0.0220406802267422,0.000955164794327423
-0.0219739913304435,0.000955622303833796
-0.0219073024341447,0.000956089465436723
-0.0218406135378459,0.000956565956660144
-0.0217829646901432,0.000956985661887292
-0.0217739246415472,0.000957051784393133
-0.0217072357452484,0.000957548348310478
-0.0216405468489497,0.000958053451216309
-0.0215738579526509,0.000958566849079303
-0.0215071690563521,0.000959088307355879
-0.0214404801600534,0.000959617596096534
-0.0213737912637546,0.000960154484880731
-0.0213071023674558,0.000960698737681834
-0.0212404134711571,0.000961250107763679
-0.0211737245748583,0.000961808332709944
-0.0211070356785595,0.000962373129684195
-0.0210403467822608,0.000962944191014204
-0.020973657885962,0.000963521180187757
-0.0209069689896632,0.000964103728339627
-0.0208402800933645,0.000964691431300285
-0.0207735911970657,0.000965283847266648
-0.0207069023007669,0.000965880495144037
-0.0206402134044682,0.00096648085359632
-0.0205840624957033,0.000966988996332109
-0.0205735245081694,0.000967084800081045
-0.0205068356118706,0.000967693645973701
-0.0204401467155719,0.000968304407640029
-0.0203734578192731,0.000968916405114699
-0.0203067689229743,0.000969528924292036
-0.0202400800266756,0.000970141220293701
-0.0201733911303768,0.000970752521449761
-0.020106702234078,0.000971362033831428
-0.0200400133377793,0.00097196894626444
-0.0199733244414805,0.000972572435743771
-0.0199066355451817,0.000973171673163584
-0.019839946648883,0.00097376582927101
-0.0197732577525842,0.000974354080748726
-0.0197065688562854,0.000974935616329103
-0.0196398799599867,0.000975509642842544
-0.0195731910636879,0.000976075391103669
-0.0195065021673891,0.000976632121542249
-0.0194625876681939,0.000976992330776923
-0.0194398132710904,0.000977179991668419
-0.0193731243747916,0.000977719089391989
-0.0193064354784928,0.000978247128543136
-0.0192397465821941,0.00097876353341335
-0.0191730576858953,0.000979267779597438
-0.0191063687895965,0.000979759396504852
-0.0190396798932978,0.0009802379691615
-0.018972990996999,0.000980703139279053
-0.0189063021007002,0.000981154605580997
-0.0188396132044015,0.000981592123387183
-0.0187729243081027,0.000982015503470967
-0.0187062354118039,0.000982424610215164
-0.0186395465155052,0.000982819359104445
-0.0185728576192064,0.000983199713602835
-0.0185061687229076,0.000983565681474823
-0.0184394798266089,0.000983917310617574
-0.0183727909303101,0.000984254684479517
-0.0183061020340113,0.000984577917146989
-0.0182394131377126,0.000984887148185708
-0.0181727242414138,0.000985182537327372
-0.018106035345115,0.00098546425909379
-0.0180393464488163,0.000985732497451351
-0.0179726575525175,0.000985987440587606
-0.0179059686562187,0.000986229275899194
-0.01783927975992,0.00098645818527611
-0.0177725908636212,0.000986674340761981
-0.0177059019673224,0.000986877900663111
-0.0176648064639431,0.00098699566522174
-0.0176392130710237,0.000987069343501858
-0.0175725241747249,0.000987248938055942
-0.0175058352784261,0.000987416242298471
-0.0174391463821274,0.000987571332140593
-0.0173724574858286,0.000987714258843963
-0.0173057685895298,0.000987845048835244
-0.0172390796932311,0.000987963704210357
-0.0171723907969323,0.000988070203916918
-0.0171057019006335,0.000988164505591529
-0.0170390130043348,0.000988246548017304
-0.016972324108036,0.000988316254156307
-0.0169056352117372,0.000988373534701578
-0.0168389463154385,0.000988418292084333
-0.0167722574191397,0.000988450424864063
-0.0167055685228409,0.000988469832422329
-0.0166388796265422,0.000988476419875749
-0.0165721907302434,0.000988470103119528
-0.0165055018339446,0.000988450813910422
-0.0164388129376459,0.000988418504896974
-0.0163721240413471,0.000988373154505431
-0.0163054351450483,0.000988314771591883
-0.0162387462487496,0.000988243399774755
-0.0161720573524508,0.000988159121366952
-0.0161053684561521,0.00098806206083342
-0.0160386795598533,0.000987952387707669
-0.0159719906635545,0.000987830318909835
-0.0159053017672558,0.000987696120418665
-0.015838612870957,0.000987550108260876
-0.0157719239746582,0.00098739264879252
-0.0157052350783595,0.000987224158259197
-0.0156385461820607,0.0009870451016341
-0.0156211126177511,0.00098699566522174
-0.0155718572857619,0.00098685663161032
-0.0155051683894632,0.000986658933649597
-0.0154384794931644,0.000986452375294246
-0.0153717905968656,0.0009862375880377
-0.0153051017005669,0.000986015236127117
-0.0152384128042681,0.000985786011738251
-0.0151717239079693,0.000985550629744068
-0.0151050350116706,0.000985309822158578
-0.0150383461153718,0.000985064332343103
-0.014971657219073,0.000984814909066449
-0.0149049683227743,0.000984562300513199
-0.0148382794264755,0.000984307248335367
-0.0147715905301767,0.000984050481842171
-0.014704901633878,0.00098379271242041
-0.0146382127375792,0.000983534628274258
-0.0145715238412804,0.000983276889567834
-0.0145048349449817,0.000983020124047298
-0.0144381460486829,0.000982764923210924
-0.0143714571523841,0.000982511839086464
-0.0143047682560854,0.000982261381664641
-0.0142380793597866,0.000982014017026444
-0.0141713904634878,0.000981770166190008
-0.0141047015671891,0.000981530204690431
-0.0140380126708903,0.000981294462893311
-0.0139713237745915,0.000981063227030072
-0.0139046348782928,0.000980836740930635
-0.013837945981994,0.000980615208416909
-0.0137712570856952,0.00098039879630903
-0.0137045681893965,0.000980187637985611
-0.0136378792930977,0.000979981837429482
-0.0135711903967989,0.000979781473681957
-0.0135045015005002,0.000979586605621374
-0.0134378126042014,0.000979397276975911
-0.0133711237079026,0.00097921352147651
-0.0133044348116039,0.000979035368053198
-0.0132377459153051,0.000978862845977221
-0.0131710570190063,0.000978695989852332
-0.0131043681227076,0.000978534844361229
-0.0130376792264088,0.000978379468677304
-0.01297099033011,0.000978229940457943
-0.0129043014338113,0.000978086359342918
-0.0128376125375125,0.000977948849890321
-0.0127709236412137,0.000977817563892513
-0.012704234744915,0.000977692682025645
-0.0126375458486162,0.000977574414798436
-0.0125708569523174,0.000977463002778357
-0.0125041680560187,0.000977358716086538
-0.0124374791597199,0.000977261853165954
-0.0123707902634211,0.000977172738840574
-0.0123041013671224,0.000977091721696138
-0.0122374124708236,0.000977019170825506
-0.0122093117315074,0.000976992330776923
-0.0121707235745248,0.000976955641122684
-0.0121040346782261,0.000976901442185794
-0.0120373457819273,0.000976856854604891
-0.0119706568856285,0.000976822284521414
-0.0119039679893298,0.000976798135056449
-0.011837279093031,0.000976784800742285
-0.0117705901967322,0.00097678266187794
-0.0117039013004335,0.000976792078907873
-0.0116372124041347,0.00097681338692282
-0.0115705235078359,0.000976846890379868
-0.0115038346115372,0.000976892858135189
-0.0114371457152384,0.000976951518877595
-0.0113990996149757,0.000976992330776923
-0.0113704568189396,0.000977023198410268
-0.0113037679226409,0.00097710813962897
-0.0112370790263421,0.000977206241123348
-0.0111703901300433,0.0009773175361051
-0.0111037012337446,0.000977442003087272
-0.0110370123374458,0.000977579565093519
-0.010970323441147,0.000977730089627213
-0.0109036345448483,0.00097789338940324
-0.0108369456485495,0.000978069223832062
-0.0107702567522508,0.000978257301232759
-0.010703567855952,0.00097845728173898
-0.0106368789596532,0.000978668780850008
-0.0105701900633545,0.000978891373567865
-0.0105035011670557,0.000979124599051424
-0.0104368122707569,0.000979367965709658
-0.0103701233744582,0.000979620956648657
-0.0103034344781594,0.000979883035381147
-0.0102367455818606,0.00098015365170287
-0.0101700566855619,0.000980432247637612
-0.0101033677892631,0.000980718263351658
-0.0100366788929643,0.000981011142939423
-0.00996998999666555,0.000981310339984524
-0.00990330110036679,0.000981615322804862
-0.00983661220406802,0.000981925579296169
-0.00976992330776926,0.000982240621295867
-0.00970323441147049,0.000982559988397882
-0.00963654551517172,0.00098288325115895
-0.00956985661887296,0.000983210013648034
-0.00950316772257419,0.000983539915302193
-0.00943647882627542,0.000983872632064774
-0.00936978992997666,0.000984207876794508
-0.00930310103367789,0.000984545398947096
-0.00923641213737913,0.000984884983543746
-0.00916972324108036,0.000985226449453691
-0.00910303434478159,0.000985569647029747
-0.00903634544848283,0.000985914455147172
-0.00896965655218406,0.000986260777706594
-0.0089029676558853,0.000986608539670865
-0.00883627875958653,0.000986957682713606
-0.00882905107794636,0.00098699566522174
-0.00876958986328776,0.000987309600614704
-0.008702900966989,0.000987662994654216
-0.00863621207069023,0.000988017652706565
-0.00856952317439146,0.000988373534896059
-0.0085028342780927,0.000988730593556943
-0.00843614538179393,0.000989088768419525
-0.00836945648549517,0.000989447982047421
-0.0083027675891964,0.000989808135611562
-0.00823607869289763,0.000990169105080438
-0.00816938979659887,0.000990530737898357
-0.0081027009003001,0.000990892850214945
-0.00803601200400133,0.000991255224719038
-0.00796932310770257,0.00099161760911961
-0.0079026342114038,0.000991979715304841
-0.00783594531510503,0.000992341219198525
-0.00776925641880627,0.000992701761320891
-0.0077025675225075,0.000993060948048531
-0.00763587862620874,0.00099341835355598
-0.00756918972990997,0.000993773522409717
-0.0075025008336112,0.00099412597277395
-0.00743581193731244,0.000994475200177005
-0.00736912304101367,0.00099482068177757
-0.0073024341447149,0.000995161881061131
-0.00723574524841614,0.000995498252889884
-0.00716905635211737,0.000995829248823022
-0.00710236745581861,0.000996154322619832
-0.00703567855951984,0.000996472935834831
-0.00696898966322107,0.000996784563412503
-0.00692197005766192,0.000996998999666553
-0.00690230076692231,0.000997089112648239
-0.00683561187062354,0.000997386640083968
-0.00676892297432477,0.000997675702617393
-0.00670223407802601,0.000997955879486312
-0.00663554518172724,0.000998226788310064
-0.00656885628542848,0.000998488088872301
-0.00650216738912971,0.000998739486339459
-0.00643547849283094,0.000998980733863142
-0.00636878959653218,0.000999211634524795
-0.00630210070023341,0.000999432042592484
-0.00623541180393465,0.000999641864071104
-0.00616872290763588,0.000999841056539306
-0.00610203401133711,0.00100002962827849
-0.00603534511503835,0.00100020763671111
-0.00596865621873958,0.00100037518617713
-0.00590196732244081,0.00100053242508859
-0.00583527842614205,0.00100067954251258
-0.00576858952984328,0.00100081676424241
-0.00570190063354451,0.00100094434842522
-0.00563521173724575,0.00100106258082168
-0.00556852284094698,0.00100117176977914
-0.00550183394464822,0.00100127224100446
-0.00543514504834945,0.00100136433222556
-0.00536845615205068,0.00100144838783271
-0.00530176725575192,0.00100152475359009
-0.00523507835945315,0.00100159377150713
-0.00516838946315438,0.00100165577495593
-0.00510170056685562,0.00100171108411641
-0.00503501167055685,0.00100176000182533
-0.00496832277425809,0.00100180280989784
-0.00490163387795932,0.00100183976598229
-0.00483494498166055,0.00100187110099919
-0.00476825608536179,0.00100189701720558
-0.00470156718906302,0.00100191768691487
-0.00463487829276425,0.00100193325189081
-0.00456818939646549,0.00100194382342281
-0.00450150050016672,0.0010019494830776
-0.00443481160386796,0.00100195028411099
-0.00436812270756919,0.0010019462535114
-0.00430143381127042,0.00100193739463643
-0.00423474491497166,0.00100192369039291
-0.00416805601867289,0.00100190510690165
-0.00410136712237412,0.00100188159757932
-0.00403467822607536,0.0010018531075628
-0.00396798932977659,0.00100181957839493
-0.00390130043347783,0.00100178095288589
-0.00383461153717906,0.00100173718006149
-0.00376792264088029,0.00100168822010725
-0.00370123374458153,0.00100163404921769
-0.00363454484828276,0.00100157466426094
-0.00356785595198399,0.0010015100871723
-0.00350116705568523,0.00100144036899434
-0.00343447815938646,0.00100136559348737
-0.0033677892630877,0.00100128588024105
-0.00330110036678893,0.00100120138722666
-0.00323441147049016,0.00100111231273869
-0.0031677225741914,0.00100101889668537
-0.00310103367789263,0.00100092142119838
-0.00303434478159386,0.00100082021054426
-0.0029676558852951,0.00100071563033174
-0.00290096698899633,0.00100060808602161
-0.00283427809269757,0.0010004980207579
-0.0027675891963988,0.00100038591255085
-0.00270090030010003,0.0010002722708537
-0.00263421140380127,0.00100015763258572
-0.0025675225075025,0.00100004255766389
-0.00250083361120373,0.000999927624114082
-0.00243414471490497,0.000999813422840284
-0.0023674558186062,0.000999700552136238
-0.00230076692230744,0.000999589612028774
-0.00223407802600867,0.000999481198544936
-0.0021673891297099,0.000999375897996709
-0.00210070023341114,0.000999274281376849
-0.00203401133711237,0.000999176898957572
-0.0019673224408136,0.000999084275180537
-0.00190063354451484,0.000998996903921532
-0.00183394464821607,0.000998915244207044
-0.00176725575191731,0.000998839716451964
-0.00170056685561854,0.000998770699278964
-0.00163387795931977,0.000998708526969942
-0.00156718906302101,0.000998653487589118
-0.00150050016672224,0.000998605821805772
-0.00143381127042347,0.000998565722432606
-0.00136712237412471,0.000998533334683263
-0.00130043347782594,0.000998508757140204
-0.00123374458152718,0.000998492043411826
-0.00116705568522841,0.000998483204445781
-0.00110036678892964,0.000998482211454073
-0.00103367789263088,0.00099848899939504
-0.000966988996332111,0.000998503470947428
-0.000900300100033344,0.000998525500903612
-0.000833611203734578,0.000998554940901398
-0.000766922307435812,0.000998591624408298
-0.000700233411137046,0.000998635371867673
-0.000633544514838279,0.000998685995913527
-0.000566855618539513,0.000998743306559498
-0.000500166722240747,0.000998807116268421
-0.000433477825941981,0.000998877244810863
-0.000366788929643214,0.000998953523825036
-0.000300100033344448,0.000999035800995994
-0.000233411137045682,0.000999123943778766
-0.000166722240746916,0.000999217842598559
-0.000100033344448149,0.000999317413470497
-3.33444481493831e-05,0.000999422599991869
3.33444481493831e-05,0.000999533374671332
0.000100033344448149,0.000999649739571316
0.000166722240746916,0.000999771726252454
0.000233411137045682,0.000999899395021333
0.000300100033344448,0.00100003283349555
0.000366788929643214,0.00100017215451226
0.000433477825941981,0.00100031749341836
0.000500166722240747,0.00100046900479143
0.000566855618539513,0.00100062685865102
0.000633544514838279,0.00100079123622876
0.000700233411137046,0.00100096232537403
0.000766922307435812,0.00100114031567812
0.000833611203734578,0.00100132539340521
0.000900300100033344,0.0010015177363217
0.000966988996332111,0.00100171750851752
0.00103367789263088,0.00100192485531297
0.00110036678892964,0.00100213989834342
0.00116705568522841,0.00100236273091099
0.00123374458152718,0.00100259341368755
0.00130043347782594,0.00100283197084756
0.00136712237412471,0.00100307838670139
0.00143381127042347,0.00100333260289128
0.00150050016672224,0.00100359451620231
0.00156718906302101,0.00100386397702975
0.00163387795931977,0.00100414078853324
0.00170056685561854,0.00100442470649581
0.00176725575191731,0.00100471543989408
0.00183394464821607,0.00100501265217313
0.00190063354451484,0.00100531596320789
0.0019673224408136,0.0010056249519207
0.00203401133711237,0.00100593915951361
0.00210070023341114,0.00100625809326341
0.0021673891297099,0.00100658123081773
0.00223407802600867,0.00100690802492206
0.00225314306386686,0.00100700233411137
0.00230076692230744,0.00100723899230749
0.0023674558186062,0.00100757291356653
0.00243414471490497,0.00100790876170517
0.00250083361120373,0.00100824594018197
0.0025675225075025,0.00100858385475414
0.00263421140380127,0.00100892191903542
0.00270090030010003,0.00100925955987158
0.0027675891963988,0.00100959622244656
0.00283427809269757,0.00100993137503712
0.00290096698899633,0.00101026451334059
0.0029676558852951,0.00101059516430741
0.00303434478159386,0.0010109228894195
0.00310103367789263,0.0010112472873649
0.0031677225741914,0.00101156799607006
0.00323441147049016,0.00101188469406229
0.00330110036678893,0.00101219710114669
0.0033677892630877,0.00101250497839368
0.00343447815938646,0.00101280812744548
0.00350116705568523,0.00101310638916137
0.00356785595198399,0.00101339964163315
0.00363454484828276,0.00101368779761295
0.00370123374458153,0.0010139708014054
0.00376792264088029,0.00101424862528551
0.00383461153717906,0.00101452126551122
0.00390130043347783,0.00101478873800662
0.00396798932977659,0.00101505107379701
0.00403467822607536,0.00101530831428088
0.00410136712237412,0.00101556050642662
0.00416805601867289,0.00101580769798235
0.00423474491497166,0.00101604993278701
0.00430143381127042,0.00101628724626842
0.00436812270756919,0.00101651966121077
0.00443481160386796,0.0010167471838687
0.00450150050016672,0.00101696980049918
0.0045124897165571,0.00101700566855618
0.00456818939646549,0.00101718830988861
0.00463487829276425,0.00101740195610816
0.00470156718906302,0.00101761048450498
0.00476825608536179,0.00101781377658728
0.00483494498166055,0.00101801168456113
0.00490163387795932,0.00101820403137385
0.00496832277425809,0.00101839061141778
0.00503501167055685,0.00101857119188475
0.00510170056685562,0.00101874551475067
0.00516838946315438,0.00101891329935854
0.00523507835945315,0.00101907424555788
0.00530176725575192,0.0010192280373488
0.00536845615205068,0.00101937434697027
0.00543514504834945,0.00101951283936444
0.00550183394464822,0.00101964317694211
0.00556852284094698,0.00101976502456923
0.00563521173724575,0.00101987805469038
0.00570190063354451,0.00101998195250258
0.00576858952984328,0.00102007642109181
0.00583527842614205,0.00102016118644489
0.00590196732244081,0.00102023600225155
0.00596865621873958,0.00102030065441461
0.00603534511503835,0.00102035496519119
0.00610203401133711,0.00102039879689379
0.00616872290763588,0.00102043205508754
0.00623541180393465,0.00102045469122811
0.00630210070023341,0.00102046670469446
0.00636878959653218,0.00102046814418029
0.00643547849283094,0.00102045910841928
0.00650216738912971,0.00102043974623009
0.00656885628542848,0.00102041025587865
0.00663554518172724,0.00102037088376684
0.00670223407802601,0.00102032192246779
0.00676892297432477,0.00102026370813933
0.00683561187062354,0.0010201966173574
0.00690230076692231,0.00102012106342107
0.00696898966322107,0.00102003749218959
0.00703567855951984,0.00101994637752018
0.00710236745581861,0.0010198482163812
0.00716905635211737,0.00101974352372172
0.00723574524841614,0.00101963282718161
0.0073024341447149,0.00101951666172963
0.00736912304101367,0.00101939556431763
0.00743581193731244,0.00101927006863875
0.0075025008336112,0.00101914070007572
0.00756918972990997,0.00101900797092162
0.00763587862620874,0.00101887237595119
0.0077025675225075,0.00101873438841413
0.00776925641880627,0.00101859445651493
0.00783594531510503,0.00101845300043495
0.0079026342114038,0.00101831040994325
0.00796932310770257,0.00101816704263238
0.00803601200400133,0.00101802322280454
0.0081027009003001,0.001017879241022
0.00816938979659887,0.00101773535432432
0.00823607869289763,0.00101759178710321
0.0083027675891964,0.00101744873261426
0.00836945648549517,0.00101730635509377
0.00843614538179393,0.00101716479243813
0.0085028342780927,0.0010170241593933
0.00851166670827237,0.00101700566855618
0.00856952317439146,0.00101688510588193
0.00863621207069023,0.00101674723678632
0.008702900966989,0.00101661053569234
0.00876958986328776,0.00101647506424366
0.00883627875958653,0.00101634088212699
0.0089029676558853,0.00101620805177351
0.00896965655218406,0.00101607664301734
0.00903634544848283,0.00101594673762264
0.00910303434478159,0.00101581843359251
0.00916972324108036,0.00101569184917654
0.00923641213737913,0.00101556712649918
0.00930310103367789,0.00101544443473718
0.00936978992997666,0.0010153239727824
0.00943647882627542,0.00101520597133522
0.00950316772257419,0.00101509069438339
0.00956985661887296,0.00101497844003236
0.00963654551517172,0.00101486954066416
0.00970323441147049,0.00101476436241404
0.00976992330776926,0.00101466330396588
0.00983661220406802,0.00101456679467973
0.00990330110036679,0.00101447529207669
0.00996998999666555,0.00101438927871754
0.0100366788929643,0.00101430925852294
0.0101033677892631,0.00101423575259253
0.0101700566855619,0.00101416929458953
0.0102367455818606,0.00101411042576554
0.0103034344781594,0.00101405968970624
0.0103701233744582,0.00101401762688454
0.0104368122707569,0.00101398476911072
0.0105035011670557,0.00101396163397159
0.0105701900633545,0.0010139487193509
0.0106368789596532,0.00101394649812202
0.010703567855952,0.00101395541310124
0.0107702567522508,0.00101397587234544
0.0108369456485495,0.00101400824487228
0.0109036345448483,0.00101405285687353
0.010970323441147,0.00101410998848404
0.0110370123374458,0.00101417987115894
0.0111037012337446,0.00101426268570139
0.0111703901300433,0.00101435856097182
0.0112370790263421,0.00101446757329796
0.0113037679226409,0.00101458974659274
0.0113704568189396,0.00101472505317486
0.0114371457152384,0.00101487341527481
0.0115038346115372,0.00101503470719731
0.0115705235078359,0.0010152087580995
0.0116372124041347,0.00101539535533412
0.0117039013004335,0.00101559424829671
0.0117705901967322,0.00101580515270763
0.011837279093031,0.00101602775525209
0.0119039679893298,0.00101626171849544
0.0119706568856285,0.00101650668598636
0.0120373457819273,0.00101676228745783
0.0120983965345432,0.00101700566855618
0.0121040346782261,0.00101702824747042
0.0121707235745248,0.00101730524595992
0.0122374124708236,0.00101759178034241
0.0123041013671224,0.0010178874740925
0.0123707902634211,0.00101819196120308
0.0124374791597199,0.00101850489013154
0.0125041680560187,0.00101882592726107
0.0125708569523174,0.00101915475981882
0.0126375458486162,0.00101949109820314
0.012704234744915,0.0010198346776824
0.0127709236412137,0.00102018525944008
0.0128376125375125,0.00102054263095211
0.0129043014338113,0.00102090660569519
0.01297099033011,0.00102127702219644
0.0130376792264088,0.0010216537424471
0.0131043681227076,0.00102203664971418
0.0131710570190063,0.00102242564579489
0.0132377459153051,0.00102282064776859
0.0133044348116039,0.00102322158431012
0.0133711237079026,0.00102362839163591
0.0134378126042014,0.00102404100916096
0.0135045015005002,0.00102445937494961
0.0135711903967989,0.00102488342104685
0.0136378792930977,0.00102531306877864
0.0137045681893965,0.00102574822411025
0.0137712570856952,0.00102618877315056
0.013837945981994,0.00102663457788739
0.0138933251097271,0.001027009003001
0.0139046348782928,0.00102708582339828
0.0139713237745915,0.00102754370240403
0.0140380126708903,0.00102800626179439
0.0141047015671891,0.00102847323064623
0.0141713904634878,0.00102894429850129
0.0142380793597866,0.001029419113938
0.0143047682560854,0.00102989728378494
0.0143714571523841,0.00103037837299595
0.0144381460486829,0.00103086190519499
0.0145048349449817,0.00103134736388732
0.0145715238412804,0.00103183419432239
0.0146382127375792,0.00103232180598226
0.014704901633878,0.00103280957565892
0.0147715905301767,0.00103329685107374
0.0148382794264755,0.00103378295498317
0.0149049683227743,0.00103426718970658
0.014971657219073,0.00103474884200492
0.0150383461153718,0.00103522718823341
0.0151050350116706,0.00103570149968669
0.0151717239079693,0.00103617104805186
0.0152384128042681,0.00103663511088348
0.0152933561859877,0.00103701233744581
0.0153051017005669,0.001037093347789
0.0153717905968656,0.00103754639654092
0.0154384794931644,0.0010379918467405
0.0155051683894632,0.00103842904853964
0.0155718572857619,0.00103885738284738
0.0156385461820607,0.00103927626524673
0.0157052350783595,0.00103968514940567
0.0157719239746582,0.00104008352993307
0.015838612870957,0.00104047094464005
0.0159053017672558,0.00104084697617763
0.0159719906635545,0.00104121125303197
0.0160386795598533,0.00104156344986988
0.0161053684561521,0.00104190328723791
0.0161720573524508,0.00104223053062958
0.0162387462487496,0.00104254498894569
0.0163054351450483,0.00104284651238304
0.0163721240413471,0.00104313498979622
0.0164388129376459,0.00104341034558567
0.0165055018339446,0.00104367253617344
0.0165721907302434,0.00104392154613408
0.0166388796265422,0.00104415738405407
0.0167055685228409,0.00104438007819716
0.0167722574191397,0.00104458967205585
0.0168389463154385,0.00104478621987095
0.0169056352117372,0.00104496978220095
0.016972324108036,0.00104514042162194
0.0170390130043348,0.00104529819863603
0.0171057019006335,0.00104544316786243
0.0171723907969323,0.0010455753745799
0.0172390796932311,0.00104569485168335
0.0173057685895298,0.00104580161710972
0.0173724574858286,0.00104589567178013
0.0174391463821274,0.00104597699809628
0.0175058352784261,0.00104604555901931
0.0175725241747249,0.00104610129774938
0.0176392130710237,0.00104614413801367
0.0177059019673224,0.00104617398496003
0.0177725908636212,0.00104619072664305
0.01783927975992,0.00104619423607895
0.0179059686562187,0.00104618437383602
0.0179726575525175,0.00104616099111769
0.0180393464488163,0.00104612393328716
0.018106035345115,0.00104607304377419
0.0181727242414138,0.00104600816829841
0.0182394131377126,0.00104592915933739
0.0183061020340113,0.00104583588076342
0.0183727909303101,0.00104572821256974
0.0184394798266089,0.00104560605560473
0.0185061687229076,0.00104546933623244
0.0185728576192064,0.00104531801083825
0.0186395465155052,0.00104515207010087
0.0187062354118039,0.00104497154295533
0.0187729243081027,0.00104477650017615
0.0188396132044015,0.00104456705751642
0.0189063021007002,0.00104434337834489
0.018972990996999,0.00104410567573183
0.0190396798932978,0.00104385421394323
0.0191063687895965,0.00104358930931226
0.0191730576858953,0.00104331133046767
0.0192397465821941,0.00104302069790901
0.0193064354784928,0.00104271788292958
0.0193731243747916,0.00104240340589881
0.0194398132710904,0.00104207783392651
0.0195065021673891,0.00104174177794182
0.0195731910636879,0.00104139588922948
0.0196398799599867,0.00104104085547512
0.0197065688562854,0.00104067739637993
0.0197732577525842,0.00104030625891186
0.019839946648883,0.00103992821226722
0.0199066355451817,0.00103954404262112
0.0199733244414805,0.00103915454774888
0.0200400133377793,0.00103876053160312
0.020106702234078,0.00103836279893143
0.0201733911303768,0.00103796215001937
0.0202400800266756,0.00103755937564113
0.0203067689229743,0.00103715525229672
0.0203303188013887,0.00103701233744581
0.0203734578192731,0.00103675173559938
0.0204401467155719,0.00103634901593382
0.0205068356118706,0.00103594714528628
0.0205735245081694,0.00103554680062583
0.0206402134044682,0.00103514862762554
0.0207069023007669,0.00103475323891927
0.0207735911970657,0.00103436121299261
0.0208402800933645,0.00103397309371838
0.0209069689896632,0.00103358939053596
0.020973657885962,0.00103321057926227
0.0210403467822608,0.0010328371035111
0.0211070356785595,0.00103246937668648
0.0211737245748583,0.00103210778450575
0.0212404134711571,0.00103175268799819
0.0213071023674558,0.00103140442691667
0.0213737912637546,0.00103106332349208
0.0214404801600534,0.00103072968645387
0.0215071690563521,0.00103040381523524
0.0215738579526509,0.00103008600427759
0.0216405468489497,0.00102977654734711
0.0217072357452484,0.00102947574177544
0.0217739246415472,0.00102918389253762
0.0218406135378459,0.00102890131608319
0.0219073024341447,0.00102862834384
0.0219739913304435,0.00102836532531648
0.0220406802267422,0.00102811263073459
0.022107369123041,0.00102787065313419
0.0221740580193398,0.0010276398098987
0.0222407469156385,0.00102742054366254
0.0223074358119373,0.00102721332257163
0.0223741247082361,0.00102701863988003
0.0223776630955377,0.001027009003001
0.0224408136045348,0.00102683780187794
0.0225075025008336,0.0010266705408337
0.0225741913971324,0.00102651736945844
0.0226408802934311,0.00102637886155312
0.0227075691897299,0.00102625560425742
0.0227742580860287,0.00102614819399746
0.0228409469823274,0.00102605723198202
0.0229076358786262,0.00102598331931809
0.022974324774925,0.00102592705182377
0.0230410136712237,0.00102588901462238
0.0231077025675225,0.00102586977660596
0.0231743914638213,0.00102586988485935
0.02324108036012,0.00102588985913656
0.0233077692564188,0.00102593018648132
0.0233744581527176,0.00102599131608113
0.0234411470490163,0.0010260736544402
0.0235078359453151,0.00102617756095186
0.0235745248416139,0.00102630334394374
0.0236412137379126,0.00102645125726122
0.0237079026342114,0.0010266214974454
0.0237745915305102,0.00102681420155145
0.0238349465274802,0.001027009003001
0.0238412804268089,0.00102702953955452
0.0239079693231077,0.00102726843031371
0.0239746582194065,0.00102752993111599
0.0240413471157052,0.00102781393262459
0.024108036012004,0.00102812026525341
0.0241747249083028,0.0010284487011477
0.0242414138046015,0.00102879895680026
0.0243081027009003,0.00102917069625516
0.0243747915971991,0.00102956353484145
0.0244414804934978,0.00102997704336994
0.0245081693897966,0.00103041075271867
0.0245748582860954,0.0010308641587262
0.0246415471823941,0.00103133672730692
0.0247082360786929,0.00103182789969932
0.0247749249749917,0.00103233709775625
0.0248416138712904,0.00103286372918641
0.0249083027675892,0.00103340719265736
0.024974991663888,0.00103396688267423
0.0250416805601867,0.00103454219415224
0.0251083694564855,0.00103513252660806
0.0251750583527843,0.00103573728790211
0.025241747249083,0.0010363558974728
0.0253084361453818,0.00103698778901359
0.0253109757123334,0.00103701233744581
0.0253751250416806,0.00103763526594935
0.0254418139379793,0.00103829511163118
0.0255085028342781,0.00103896669695203
0.0255751917305769,0.00103964952464584
0.0256418806268756,0.00104034311587014
0.0257085695231744,0.00104104700913689
0.0257752584194732,0.00104176075865756
0.0258419473157719,0.00104248393214415
0.0259086362120707,0.00104321610811799
0.0259753251083695,0.00104395687278659
0.0260420140046682,0.00104470581655687
0.026108702900967,0.00104546253025909
0.0261753917972658,0.00104622660116106
0.0262420806935645,0.0010469976088556
0.0262436300417464,0.00104701567189063
0.0263087695898633,0.00104777860751129
0.0263754584861621,0.00104856577191133
0.0264421473824608,0.00104935854894677
0.0265088362787596,0.00105015644468541
0.0265755251750584,0.00105095893792844
0.0266422140713571,0.00105176547706561
0.0267089029676559,0.00105257547735639
0.0267755918639547,0.00105338831869581
0.0268422807602534,0.00105420334391431
0.0269089696565522,0.00105501985765175
0.0269756585528509,0.00105583712583568
0.0270423474491497,0.0010566543757829
0.0270721319890222,0.00105701900633545
0.0271090363454485,0.00105747286769848
0.0271757252417472,0.00105829134754908
0.027242414138046,0.00105910725868583
0.0273091030343448,0.00105991968357429
0.0273757919306435,0.00106072767568293
0.0274424808269423,0.00106153026313585
0.0275091697232411,0.0010623264528307
0.0275758586195398,0.00106311523496224
0.0276425475158386,0.0010638955878847
0.0277092364121374,0.00106466648324138
0.0277759253084361,0.00106542689128497
0.0278426142047349,0.00106617578630996
0.0279093031010337,0.00106691215211631
0.0279194689359432,0.00106702234078026
0.0279759919973324,0.00106763779907635
0.0280426808936312,0.00106834937449172
0.02810936978993,0.00106904541244934
0.0281760586862287,0.00106972498284621
0.0282427475825275,0.00107038719025874
0.0283094364788263,0.00107103117801668
0.028376125375125,0.00107165613181321
0.0284428142714238,0.00107226128280444
0.0285095031677226,0.00107284591016004
0.0285761920640213,0.00107340934303638
0.0286428809603201,0.00107395096195301
0.0287095698566189,0.00107447019956363
0.0287762587529176,0.00107496654082228
0.0288429476492164,0.00107543952255598
0.0289096365455152,0.00107588873246413
0.0289763254418139,0.00107631380757473
0.0290430143381127,0.0010767144321959
0.0290982325094505,0.00107702567522508
0.0291097032344115,0.00107709063214461
0.0291763921307102,0.0010774431952285
0.029243081027009,0.0010777705016218
0.0293097699233078,0.0010780723952611
0.0293764588196065,0.00107834875157035
0.0294431477159053,0.00107859947355498
0.0295098366122041,0.00107882448783016
0.0295765255085028,0.00107902374065817
0.0296432144048016,0.00107919719406844
0.0297099033011004,0.00107934482213266
0.0297765921973991,0.00107946660746347
0.0298432810936979,0.00107956253800176
0.0299099699899967,0.00107963260415178
0.0299766588862954,0.00107967679631752
0.0300433477825942,0.00107969510288626
0.030110036678893,0.00107968750869796
0.0301767255751917,0.00107965399403035
0.0302434144714905,0.00107959453412076
0.0303101033677893,0.00107950909923677
0.030376792264088,0.00107939765529794
0.0304434811603868,0.00107926016504184
0.0305101700566856,0.0010790965897179
0.0305768589529843,0.0010789068912837
0.0306435478492831,0.00107869103506957
0.0307102367455819,0.00107844899286912
0.0307769256418806,0.00107818074640588
0.0308436145381794,0.00107788629111947
0.0309103034344782,0.00107756564020878
0.0309769923307769,0.00107721882886491
0.0310115348893252,0.00107702567522508
0.0310436812270757,0.00107684674047903
0.0311103701233745,0.00107644964806071
0.0311770590196732,0.00107602679554305
0.031243747915972,0.00107557834893136
0.0313104368122708,0.00107510451745001
0.0313771257085695,0.00107460555735047
0.0314438146048683,0.00107408177539967
0.0315105035011671,0.00107353353198468
0.0315771923974658,0.00107296124377507
0.0316438812937646,0.00107236538589087
0.0317105701900634,0.00107174649353166
0.0317772590863621,0.00107110516303046
0.0318439479826609,0.00107044205230498
0.0319106368789597,0.00106975788068863
0.0319773257752584,0.00106905342813288
0.0320440146715572,0.00106832953378328
0.032110703567856,0.00106758709394126
0.0321602583914632,0.00106702234078026
0.0321773924641547,0.00106682795403114
0.0322440813604535,0.00106605488444438
0.0323107702567522,0.00106526634265371
0.032377459153051,0.0010644634167518
0.0324441480493498,0.0010636472335461
0.0325108369456485,0.00106281895364863
0.0325775258419473,0.00106197976628928
0.0326442147382461,0.00106113088392772
0.0327109036345448,0.00106027353674227
0.0327775925308436,0.00105940896707633
0.0328442814271424,0.00105853842392393
0.0329109703234411,0.00105766315753529
0.0329598563188099,0.00105701900633545
0.0329776592197399,0.00105678548792997
0.0330443481160387,0.00105590853699748
0.0331110370123374,0.00105503057489304
0.0331777259086362,0.00105415280274083
0.033244414804935,0.00105327640048528
0.0333111037012337,0.0010524025237203
0.0333777925975325,0.00105153230107488
0.0334444814938313,0.00105066683218612
0.03351117039013,0.00104980718628005
0.0335778592864288,0.00104895440136998
0.0336445481827276,0.00104810948407074
0.0337112370790263,0.00104727341001622
0.0337320384466411,0.00104701567189063
0.0337779259753251,0.00104644972919091
0.0338446148716239,0.00104563788702648
0.0339113037679226,0.00104483758989306
0.0339779926642214,0.0010440497007632
0.0340446815605202,0.00104327506162089
0.0341113704568189,0.00104251449663282
0.0341780593531177,0.00104176881555739
0.0342447482494165,0.00104103881731041
0.0343114371457152,0.00104032529360297
0.034378126042014,0.00103962903256518
0.0344448149383128,0.00103895082226876
0.0345115038346115,0.00103829145406311
0.0345781927309103,0.00103765172564177
0.0346448816272091,0.00103703244376109
0.0346471237042308,0.00103701233744581
0.0347115705235078,0.00103643708013712
0.0347782594198066,0.00103586380354744
0.0348449483161054,0.00103531336331791
0.0349116372124041,0.00103478661615478
0.0349783261087029,0.00103428443389085
0.0350450150050017,0.00103380770290042
0.0351117039013004,0.00103335732285411
0.0351783927975992,0.00103293420481305
0.035245081693898,0.00103253926867485
0.0353117705901967,0.00103217343999566
0.0353784594864955,0.00103183764622484
0.0354451483827943,0.00103153281240043
0.035511837279093,0.00103125985636355
0.0355785261753918,0.00103101968356013
0.0356452150716906,0.00103081318150623
0.0357119039679893,0.00103064121400034
0.0357785928642881,0.00103050461517168
0.0358452817605869,0.00103040418345696
0.0359119706568856,0.00103034067560067
0.0359786595531844,0.00103031480077398
0.0360453484494832,0.00103032721490613
0.0361120373457819,0.00103037851531922
0.0361787262420807,0.00103046923575235
0.0362454151383795,0.00103059984185478
0.0363121040346782,0.00103077072722015
0.036378792930977,0.00103098221002442
0.0364454818272758,0.00103123453032011
0.0365121707235745,0.00103152784802819
0.0365788596198733,0.00103186224165684
0.0366455485161721,0.00103223770776404
0.0367122374124708,0.00103265416116791
0.0367789263087696,0.00103311143589609
0.0368456152050684,0.00103360928685264
0.0369123041013671,0.00103414739216868
0.0369789929976659,0.00103472535619142
0.0370456818939647,0.00103534271305554
0.0371123707902634,0.00103599893077098
0.0371790596865622,0.00103669341575287
0.0372081093125442,0.00103701233744581
0.037245748582861,0.0010374274174294
0.0373124374791597,0.00103819997093596
0.0373791263754585,0.00103900885869928
0.0374458152717572,0.00103985328833271
0.037512504168056,0.00104073243191824
0.0375791930643548,0.0010416454313678
0.0376458819606535,0.00104259140360084
0.0377125708569523,0.00104356944545349
0.0377792597532511,0.00104457863824072
0.0378459486495498,0.00104561805190068
0.0379126375458486,0.00104668674865913
0.0379326318020742,0.00104701567189063
0.0379793264421474,0.00104778731914685
0.0380460153384461,0.00104891692462174
0.0381127042347449,0.001050073103019
0.0381793931310437,0.00105125490645505
0.0382460820273424,0.00105246138903752
0.0383127709236412,0.00105369160697438
0.03837945981994,0.0010549446180825
0.0384461487162387,0.00105621948072625
0.0384872971802093,0.00105701900633545
0.0385128376125375,0.00105751753183183
0.0385795265088363,0.00105883930885519
0.038646215405135,0.00106018018230132
0.0387129043014338,0.00106153918771323
0.0387795931977326,0.00106291534911246
0.0388462820940313,0.00106430767568625
0.0389129709903301,0.00106571515835798
0.0389742920737443,0.00106702234078026
0.0389796598866289,0.00106713729095273
0.0390463487829276,0.00106857854449343
0.0391130376792264,0.00107003183507748
0.0391797265755252,0.00107149604192552
0.0392464154718239,0.00107297000992944
0.0393131043681227,0.00107445254722065
0.0393797932644215,0.00107594242315934
0.0394280843326514,0.00107702567522508
0.0394464821607202,0.0010774402557323
0.039513171057019,0.00107894782257878
0.0395798599533178,0.00108045880502578
0.0396465488496165,0.00108197180147687
0.0397132377459153,0.00108348536925952
0.0397799266422141,0.00108499802595492
0.0398466155385128,0.00108650825133018
0.0398696717579627,0.00108702900966989
0.0399133044348116,0.001088018997106
0.0399799933311104,0.00108952652491634
0.0400466822274091,0.00109102682967182
0.0401133711237079,0.0010925182633396
0.0401800600200067,0.00109399915771789
0.0402467489163054,0.00109546782932864
0.0403134378126042,0.00109692258461693
0.0403185238427357,0.0010970323441147
0.040380126708903,0.00109836780668368
0.0404468156052017,0.00109979614146245
0.0405135045015005,0.00110120538863695
0.0405801933977993,0.00110259386225728
0.040646882294098,0.00110395989436582
0.0407135711903968,0.00110530184052707
0.0407802600866956,0.00110661808515128
0.0408018656035548,0.00110703567855952
0.0408469489829943,0.00110791103445602
0.0409136378792931,0.001109176937604
0.0409803267755919,0.00111041237637003
0.0410470156718906,0.00111161589050105
0.0411137045681894,0.00111278607019171
0.0411803934644882,0.0011139215590081
0.0412470823607869,0.00111502105627496
0.0413137712570857,0.00111608331891113
0.0413760213634051,0.00111703901300433
0.0413804601533845,0.00111710747457575
0.0414471490496832,0.00111809627913439
0.041513837945982,0.00111904428913664
0.0415805268422808,0.00111995049441949
0.0416472157385795,0.00112081394373124
0.0417139046348783,0.0011216337434366
0.0417805935311771,0.00112240905580247
0.0418472824274758,0.00112313909691303
0.0419139713237746,0.00112382313426784
0.0419806602200734,0.00112446048412077
0.0420473491163721,0.00112505050862092
0.0421140380126709,0.00112559261281886
0.0421807269089697,0.00112608624160278
0.0422474158052684,0.00112653087662934
0.0423141047015672,0.00112692603331322
0.0423365754657349,0.00112704234744915
0.042380793597866,0.00112727230371276
0.0424474824941647,0.00112756851769604
0.0425141713904635,0.00112781374225648
0.0425808602867623,0.00112800759939631
0.042647549183061,0.00112814973284633
0.0427142380793598,0.00112823980657861
0.0427809269756586,0.00112827750373125
0.0428476158719573,0.00112826252597302
0.0429143047682561,0.00112819459332832
0.0429809936645549,0.00112807344447521
0.0430476825608536,0.00112789883752158
0.0431143714571524,0.00112767055125684
0.0431810603534512,0.00112738838686846
0.0432477492497499,0.00112705217010534
0.0432494272618589,0.00112704234744915
0.0433144381460487,0.00112666348689346
0.0433811270423475,0.00112622078020668
0.0434478159386462,0.00112572392243386
0.043514504834945,0.00112517286758165
0.0435811937312438,0.00112456761041327
0.0436478826275425,0.00112390819050227
0.0437145715238413,0.00112319469642555
0.04378126042014,0.00112242727003411
0.0438479493164388,0.00112160611073771
0.0439146382127376,0.00112073147973816
0.0439813271090363,0.00111980370414614
0.0440480160053351,0.00111882318091635
0.0441147049016339,0.00111779038053816
0.0441609088779147,0.00111703901300433
0.0441813937979326,0.00111670737348405
0.0442480826942314,0.00111557693407843
0.0443147715905302,0.00111439633480305
0.0443814604868289,0.00111316636646618
0.0444481493831277,0.00111188790577436
0.0445148382794265,0.00111056191643841
0.0445815271757252,0.00110918944971762
0.044648216072024,0.00110777164438304
0.0446817912537137,0.00110703567855952
0.0447149049683228,0.00110631305039355
0.0447815938646215,0.0011048152216868
0.0448482827609203,0.00110327617689484
0.0449149716572191,0.00110169738561104
0.0449816605535178,0.00110008039564116
0.0450483494498166,0.00109842682958485
0.0451034290347787,0.0010970323441147
0.0451150383461154,0.00109673972789359
0.0451817272424141,0.00109502604507315
0.0452484161387129,0.00109328120512335
0.0453151050350117,0.00109150707829047
0.0453817939313104,0.00108970558632438
0.0454484828276092,0.00108787869709128
0.0454791098498114,0.00108702900966989
0.045515171723908,0.00108603300541521
0.0455818606202067,0.00108416996121993
0.0456485495165055,0.00108228773388596
0.0457152384128043,0.00108038841168222
0.045781927309103,0.00107847410199778
0.0458320504233679,0.00107702567522508
0.0458486162054018,0.00107654912198448
0.0459153051017006,0.00107462009995823
0.0459819939979993,0.00107268252142727
0.0460486828942981,0.00107073851570071
0.0461153717905969,0.00106879021062636
0.0461758172471002,0.00106702234078026
0.0461820606868956,0.00106684056802087
0.0462487495831944,0.00106489898323768
0.0463154384794932,0.00106295944282858
0.0463821273757919,0.00106102403741081
0.0464488162720907,0.00105909484779086
0.0465155051683895,0.00105717394490474
0.0465209132861636,0.00105701900633545
0.0465821940646882,0.00105527146037237
0.046648882960987,0.00105338203597521
0.0467155718572858,0.0010515069959584
0.0467822607535845,0.00104964837093428
0.0468489496498833,0.00104780818773699
0.0468779928784956,0.00104701567189063
0.0469156385461821,0.00104599320007166
0.0469823274424808,0.00104420425245517
0.0470490163387796,0.0010424397163627
0.0471157052350784,0.00104070161569889
0.0471823941313771,0.0010389919814825
0.0472490830276759,0.00103731285374062
0.047261253729029,0.00103701233744581
0.0473157719239747,0.00103567248746568
0.0473824608202734,0.00103406796744921
0.0474491497165722,0.0010324999734384
0.047515838612871,0.0010309705828965
0.0475825275091697,0.00102948188563166
0.0476492164054685,0.00102803598280869
0.0476981007110296,0.001027009003001
0.0477159053017673,0.00102663670996624
0.047782594198066,0.00102528897868323
0.0478492830943648,0.00102399016521795
0.0479159719906636,0.00102274238230187
0.0479826608869623,0.00102154773876145
0.0480493497832611,0.00102040833440083
0.0481160386795599,0.00101932625425907
0.0481827275758586,0.00101830356229675
0.0482494164721574,0.00101734229457877
0.0482744187200678,0.00101700566855618
0.0483161053684562,0.00101644703637004
0.0483827942647549,0.00101561840879647
0.0484494831610537,0.00101485676037236
0.0485161720573525,0.00101416393197957
0.0485828609536512,0.0010135416983499
0.04864954984995,0.00101299176015876
0.0487162387462487,0.00101251573629839
0.0487829276425475,0.00101211515643732
0.0488496165388463,0.00101179145396973
0.048916305435145,0.00101154595945212
0.0489829943314438,0.00101137989461772
0.0490496832277426,0.00101129436704939
0.0491163721240413,0.00101129036558142
0.0491830610203401,0.00101136875648807
0.0492497499166389,0.00101153028050412
0.0493164388129376,0.00101177555070794
0.0493831277092364,0.00101210505128371
0.0494498166055352,0.00101251913716388
0.0495165055018339,0.00101301803453867
0.0495831943981327,0.00101360184220423
0.0496498832944315,0.00101427053370757
0.0497165721907302,0.00101502396023275
0.049783261087029,0.001015861854161
0.0498499499833278,0.00101678383322664
0.0498646595026983,0.00101700566855618
0.0499166388796265,0.00101779301747852
0.0499833277759253,0.00101888660271184
