-0.0499833277759253,0.000628620501597476
-0.0499166388796265,0.000628039308788043
-0.0498499499833278,0.000627532301199939
-0.049783261087029,0.000627100465214877
-0.0497411131320845,0.000626875625208401
-0.0497165721907302,0.000626745343707586
-0.0496498832944315,0.000626467777953297
-0.0495831943981327,0.000626267242390798
-0.0495165055018339,0.000626144214093972
-0.0494498166055352,0.000626099019528699
-0.0493831277092364,0.000626131827289669
-0.0493164388129376,0.000626242642382081
-0.0492497499166389,0.000626431302167252
-0.0491830610203401,0.000626697474061076
-0.0491484394571464,0.000626875625208401
-0.0491163721240413,0.000627041499270826
-0.0490496832277426,0.00062746316394167
-0.0489829943314438,0.000627960715058049
-0.048916305435145,0.000628533149069583
-0.0488496165388463,0.000629179307353967
-0.0487829276425475,0.000629897884485174
-0.0487162387462487,0.000630687437971069
-0.04864954984995,0.000631546399299387
-0.0485828609536512,0.000632473086107844
-0.0485161720573525,0.00063346571527468
-0.0484494831610537,0.000634522416710283
-0.0483827942647549,0.000635641247619218
-0.0483161053684562,0.000636820206995243
-0.0483129380190133,0.000636878959653218
-0.0482494164721574,0.000638063308044965
-0.0481827275758586,0.000639363013525679
-0.0481160386795599,0.000640716920599154
-0.0480493497832611,0.000642122925508018
-0.0479826608869623,0.00064357893388309
-0.0479159719906636,0.000645082871915666
-0.0478492830943648,0.000646632696291506
-0.0478388384356293,0.000646882294098032
-0.047782594198066,0.000648233327372749
-0.0477159053017673,0.000649877385565953
-0.0476492164054685,0.00065156166755169
-0.0475825275091697,0.000653284311481265
-0.047515838612871,0.000655043513615749
-0.0474491497165722,0.000656837529067686
-0.0474473940236898,0.000656885628542846
-0.0473824608202734,0.000658673834687654
-0.0473157719239747,0.000660542041239811
-0.0472490830276759,0.000662440312270339
-0.0471823941313771,0.000664367106579585
-0.0471157052350784,0.000666320924376516
-0.0470965658484193,0.000666888962987663
-0.0470490163387796,0.000668307559629075
-0.0469823274424808,0.000670321352870723
-0.0469156385461821,0.000672357952751912
-0.0468489496498833,0.000674415940754534
-0.0467822607535845,0.000676493899420831
-0.0467695872374192,0.000676892297432476
-0.0467155718572858,0.000678599120316996
-0.046648882960987,0.000680723569112162
-0.0465821940646882,0.000682863726236433
-0.0465155051683895,0.000685018086042526
-0.0464577244584197,0.000686895631877293
-0.0464488162720907,0.000687186587668385
-0.0463821273757919,0.000689375833571252
-0.0463154384794932,0.000691574549677242
-0.0462487495831944,0.000693781035726478
-0.0461820606868956,0.000695993535377327
-0.0461548218125971,0.000696898966322107
-0.0461153717905969,0.000698216947358129
-0.0460486828942981,0.000700447331872262
-0.0459819939979993,0.000702678117991742
-0.0459153051017006,0.000704907317628678
-0.0458555265654119,0.000706902300766921
-0.0458486162054018,0.000707134073723838
-0.045781927309103,0.000709365305033213
-0.0457152384128043,0.000711588674111395
-0.0456485495165055,0.000713802023555082
-0.0455818606202067,0.000716003174585248
-0.0455543414121133,0.000716905635211734
-0.045515171723908,0.000718196510924997
-0.0454484828276092,0.000720377801866546
-0.0453817939313104,0.000722540232664795
-0.0453151050350117,0.000724681627025138
-0.0452484161387129,0.000726799838602915
-0.0452449394546008,0.000726908969656551
-0.0451817272424141,0.000728902925287613
-0.0451150383461154,0.000730979091641935
-0.0450483494498166,0.000733025776432749
-0.0449816605535178,0.000735041049641143
-0.0449186990522405,0.000736912304101365
-0.0449149716572191,0.000737023630513152
-0.0448482827609203,0.00073898060586875
-0.0447815938646215,0.000740900714382527
-0.0447149049683228,0.000742782390724397
-0.044648216072024,0.000744624179889926
-0.0445815271757252,0.000746424741614827
-0.0445629084609964,0.000746915638546182
-0.0445148382794265,0.000748189348727584
-0.0444481493831277,0.000749912694095178
-0.0443814604868289,0.000751591273506034
-0.0443147715905302,0.000753224219880526
-0.0442480826942314,0.000754810785124253
-0.0441813937979326,0.000756350337223659
-0.0441559789066758,0.000756918972990996
-0.0441147049016339,0.000757847082408463
-0.0440480160053351,0.00075929854225349
-0.0439813271090363,0.000760701491646246
-0.0439146382127376,0.000762055711897693
-0.0438479493164388,0.000763361071822716
-0.04378126042014,0.00076461751968953
-0.0437145715238413,0.000765825074736886
-0.0436514229326025,0.000766922307435813
-0.0436478826275425,0.000766984132353479
-0.0435811937312438,0.00076809986253724
-0.043514504834945,0.000769166842953974
-0.0434478159386462,0.000770185289879114
-0.0433811270423475,0.000771155446851389
-0.0433144381460487,0.000772077576501313
-0.0432477492497499,0.000772951952908738
-0.0431810603534512,0.000773778854603646
-0.0431143714571524,0.000774558558312842
-0.0430476825608536,0.000775291333542398
-0.0429809936645549,0.00077597743807151
-0.0429143047682561,0.000776617114418344
-0.0428796370182039,0.000776925641880626
-0.0428476158719573,0.000777212036664506
-0.0427809269756586,0.000777762296027246
-0.0427142380793598,0.000778266510220465
-0.042647549183061,0.000778724847206224
-0.0425808602867623,0.000779137457406538
-0.0425141713904635,0.000779504476363026
-0.0424474824941647,0.000779826028337619
-0.042380793597866,0.000780102230784301
-0.0423141047015672,0.000780333199607701
-0.0422474158052684,0.000780519055111799
-0.0421807269089697,0.000780659928530654
-0.0421140380126709,0.000780755969023522
-0.0420473491163721,0.000780807351008873
-0.0419806602200734,0.000780814281705944
-0.0419139713237746,0.000780777008748504
-0.0418472824274758,0.000780695827733726
-0.0417805935311771,0.000780571089569224
-0.0417139046348783,0.000780403207483771
-0.0416472157385795,0.000780192663571673
-0.0415805268422808,0.000779940014747267
-0.041513837945982,0.000779645897994547
-0.0414471490496832,0.000779311034807329
-0.0413804601533845,0.000778936234727375
-0.0413137712570857,0.000778522397901725
-0.0412470823607869,0.000778070516595478
-0.0411803934644882,0.00077758167561255
-0.0411137045681894,0.000777057051594148
-0.0410980311085113,0.000776925641880626
-0.0410470156718906,0.00077650008345835
-0.0409803267755919,0.000775910787875567
-0.0409136378792931,0.000775289926466709
-0.0408469489829943,0.000774639005733951
-0.0407802600866956,0.000773959603548916
-0.0407135711903968,0.000773253362148172
-0.040646882294098,0.000772521980302196
-0.0405801933977993,0.000771767204764956
-0.0405135045015005,0.000770990821124238
-0.0404468156052017,0.000770194644184003
-0.040380126708903,0.000769380508019025
-0.0403134378126042,0.000768550255848859
-0.0402467489163054,0.000767705729882521
-0.0401857828891658,0.000766922307435813
-0.0401800600200067,0.000766849133847463
-0.0401133711237079,0.000765985927262347
-0.0400466822274091,0.00076511391243976
-0.0399799933311104,0.000764234822318619
-0.0399133044348116,0.000763350343184605
-0.0398466155385128,0.000762462107455201
-0.0397799266422141,0.000761571687392499
-0.0397132377459153,0.000760680589837988
-0.0396465488496165,0.000759790252046621
-0.0395798599533178,0.000758902038678744
-0.039513171057019,0.000758017239988746
-0.0394464821607202,0.000757137071228664
-0.039429848042227,0.000756918972990996
-0.0393797932644215,0.000756265999047271
-0.0393131043681227,0.000755402838702581
-0.0392464154718239,0.000754547479210069
-0.0391797265755252,0.000753700849150004
-0.0391130376792264,0.000752863816718872
-0.0390463487829276,0.000752037195594634
-0.0389796598866289,0.000751221751568712
-0.0389129709903301,0.000750418209811056
-0.0388462820940313,0.000749627262622536
-0.0387795931977326,0.000748849577519139
-0.0387129043014338,0.000748085805485549
-0.038646215405135,0.000747336589231703
-0.038607970087539,0.000746915638546182
-0.0385795265088363,0.000746604164490449
-0.0385128376125375,0.000745889651478948
-0.0384461487162387,0.000745191569926435
-0.03837945981994,0.000744510602352309
-0.0383127709236412,0.000743847458430142
-0.0382460820273424,0.000743202879909705
-0.0381793931310437,0.000742577644521416
-0.0381127042347449,0.000741972568770497
-0.0380460153384461,0.000741388509548101
-0.0379793264421474,0.000740826364508758
-0.0379126375458486,0.000740287071186247
-0.0378459486495498,0.000739771604843627
-0.0377792597532511,0.000739280975077206
-0.0377125708569523,0.000738816221217771
-0.0376458819606535,0.000738378406595615
-0.0375791930643548,0.000737968611757617
-0.037512504168056,0.000737587926745329
-0.0374458152717572,0.000737237442561222
-0.0373791263754585,0.000736918241966501
-0.0373777457065051,0.000736912304101365
-0.0373124374791597,0.000736632819727195
-0.037245748582861,0.000736380642345812
-0.0371790596865622,0.000736162673193605
-0.0371123707902634,0.000735979857692316
-0.0370456818939647,0.000735833083096811
-0.0369789929976659,0.00073572316887674
-0.0369123041013671,0.000735650857636207
-0.0368456152050684,0.000735616806734132
-0.0367789263087696,0.000735621580756209
-0.0367122374124708,0.000735665644974469
-0.0366455485161721,0.00073574935991328
-0.0365788596198733,0.000735872977121012
-0.0365121707235745,0.000736036636225389
-0.0364454818272758,0.000736240363327697
-0.036378792930977,0.000736484070767168
-0.0363121040346782,0.000736767558262671
-0.036282214412069,0.000736912304101365
-0.0362454151383795,0.000737091426355546
-0.0361787262420807,0.00073745528752697
-0.0361120373457819,0.000737857881766014
-0.0360453484494832,0.000738298593331131
-0.0359786595531844,0.000738776718332485
-0.0359119706568856,0.0007392914729886
-0.0358452817605869,0.000739842002676503
-0.0357785928642881,0.00074042739161907
-0.0357119039679893,0.000741046673042602
-0.0356452150716906,0.000741698839630094
-0.0355785261753918,0.000742382854091278
-0.035511837279093,0.000743097659669619
-0.0354451483827943,0.00074384219040867
-0.0353784594864955,0.000744615381005951
-0.0353117705901967,0.000745416176091243
-0.035245081693898,0.000746243538778091
-0.0351925310003206,0.000746915638546182
-0.0351783927975992,0.000747097387005705
-0.0351117039013004,0.00074797939303122
-0.0350450150050017,0.000748885161045869
-0.0349783261087029,0.000749813789518197
-0.0349116372124041,0.000750764423302119
-0.0348449483161054,0.000751736255648737
-0.0347782594198066,0.000752728528948212
-0.0347115705235078,0.000753740534214239
-0.0346448816272091,0.000754771609347017
-0.0345781927309103,0.000755821136232913
-0.0345115038346115,0.00075688853675999
-0.0345096324956674,0.000756918972990996
-0.0344448149383128,0.000757978679328791
-0.034378126042014,0.000759085878070288
-0.0343114371457152,0.000760209482495902
-0.0342447482494165,0.000761349013997572
-0.0341780593531177,0.000762504001941094
-0.0341113704568189,0.000763673975733983
-0.0340446815605202,0.000764858456769945
-0.0339779926642214,0.000766056950414702
-0.0339303760199908,0.000766922307435813
-0.0339113037679226,0.000767270713239367
-0.0338446148716239,0.0007685019156737
-0.0337779259753251,0.00076974553423379
-0.0337112370790263,0.000771000933564165
-0.0336445481827276,0.000772267428133221
-0.0335778592864288,0.000773544277569698
-0.03351117039013,0.000774830682981919
-0.0334444814938313,0.000776125784336276
-0.0334035401638886,0.000776925641880626
-0.0333777925975325,0.000777431231000914
-0.0333111037012337,0.000778747589202178
-0.033244414804935,0.000780069716142742
-0.0331777259086362,0.000781396498789105
-0.0331110370123374,0.000782726766689318
-0.0330443481160387,0.000784059296171254
-0.0329776592197399,0.000785392815570704
-0.0329109703234411,0.000786726011406395
-0.0329008056924162,0.00078692897632544
-0.0328442814271424,0.000788063309413154
-0.0327775925308436,0.000789398585229969
-0.0327109036345448,0.000790729399791197
-0.0326442147382461,0.000792054342290246
-0.0325775258419473,0.000793372001120651
-0.0325108369456485,0.000794680973272675
-0.0324441480493498,0.000795979873767131
-0.0323948148386181,0.000796932310770257
-0.032377459153051,0.000797269061675617
-0.0323107702567522,0.000798550315457975
-0.0322440813604535,0.000799817472783652
-0.0321773924641547,0.000801069304003495
-0.032110703567856,0.00080230464035302
-0.0320440146715572,0.000803522380700832
-0.0319773257752584,0.000804721497427345
-0.0319106368789597,0.000805901041350639
-0.0318511115451501,0.000806935645215071
-0.0318439479826609,0.000807060784125394
-0.0317772590863621,0.000808204502383463
-0.0317105701900634,0.000809326191279584
-0.0316438812937646,0.000810425239943226
-0.0315771923974658,0.000811501125069513
-0.0315105035011671,0.000812553409372998
-0.0314438146048683,0.000813581738995924
-0.0313771257085695,0.000814585839929488
-0.0313104368122708,0.000815565513522028
-0.031243747915972,0.000816520631162379
-0.0312137647219407,0.000816938979659888
-0.0311770590196732,0.000817453750122479
-0.0311103701233745,0.00081836425454722
-0.0310436812270757,0.000819250045233719
-0.0309769923307769,0.000820111208313709
-0.0309103034344782,0.000820947865126905
-0.0308436145381794,0.000821760164329482
-0.0307769256418806,0.000822548274035143
-0.0307102367455819,0.000823312374121957
-0.0306435478492831,0.000824052648834202
-0.0305768589529843,0.000824769279802239
-0.0305101700566856,0.000825462439595415
-0.0304434811603868,0.000826132285913092
-0.030376792264088,0.000826778956507372
-0.0303593230775889,0.000826942314104701
-0.0303101033677893,0.00082740491307715
-0.0302434144714905,0.000828008609026463
-0.0301767255751917,0.000828589267339533
-0.030110036678893,0.000829146912831216
-0.0300433477825942,0.000829681538072078
-0.0299766588862954,0.000830193103862089
-0.0299099699899967,0.000830681540682225
-0.0298432810936979,0.000831146751093202
-0.0297765921973991,0.000831588613034541
-0.0297099033011004,0.000832006983962129
-0.0296432144048016,0.000832401705748296
-0.0295765255085028,0.000832772610255718
-0.0295098366122041,0.000833119525485057
-0.0294431477159053,0.000833442282186588
-0.0293764588196065,0.000833740720818182
-0.0293097699233078,0.000834014698726139
-0.029243081027009,0.000834264097421295
-0.0291763921307102,0.000834488829821168
-0.0291097032344115,0.0008346888473291
-0.0290430143381127,0.000834864146623755
-0.0289763254418139,0.000835014776036842
-0.0289096365455152,0.00083514084140352
-0.0288429476492164,0.000835242511278092
-0.0287762587529176,0.000835320021418158
-0.0287095698566189,0.000835373678451848
-0.0286428809603201,0.000835403862656203
-0.0285761920640213,0.000835411029789262
-0.0285095031677226,0.000835395711933728
-0.0284428142714238,0.000835358517326441
-0.028376125375125,0.000835300129164586
-0.0283094364788263,0.000835221303396425
-0.0282427475825275,0.00083512286552135
-0.0281760586862287,0.00083500570644043
-0.02810936978993,0.000834870777414796
-0.0280426808936312,0.000834719084204063
-0.0279759919973324,0.00083455168047111
-0.0279093031010337,0.000834369660551928
-0.0278426142047349,0.000834174151700413
-0.0277759253084361,0.000833966305926957
-0.0277092364121374,0.000833747291557083
-0.0276425475158386,0.000833518284641348
-0.0275758586195398,0.000833280460350782
-0.0275091697232411,0.000833034984492653
-0.0274424808269423,0.000832783005279797
-0.0273757919306435,0.000832525645482802
-0.0273091030343448,0.000832263995088165
-0.027242414138046,0.000831999104577248
-0.0271757252417472,0.000831731978930595
-0.0271090363454485,0.000831463572449997
-0.0270423474491497,0.000831194784476908
-0.0269756585528509,0.000830926456070669
-0.0269089696565522,0.000830659367693568
-0.0268422807602534,0.000830394237932556
-0.0267755918639547,0.000830131723269659
-0.0267089029676559,0.000829872418894903
-0.0266422140713571,0.000829616860537593
-0.0265755251750584,0.00082936552727394
-0.0265088362787596,0.000829118845252045
-0.0264421473824608,0.000828877192259
-0.0263754584861621,0.000828640903040043
-0.0263087695898633,0.000828410275266289
-0.0262420806935645,0.000828185576035952
-0.0261753917972658,0.00082796704878424
-0.026108702900967,0.000827754920469732
-0.0260420140046682,0.000827549408899738
-0.0259753251083695,0.000827350730054407
-0.0259086362120707,0.000827159105269086
-0.0258419473157719,0.000826974768136561
-0.0258297056472271,0.000826942314104701
-0.0257752584194732,0.000826798706746625
-0.0257085695231744,0.000826630588296681
-0.0256418806268756,0.000826470552755372
-0.0255751917305769,0.000826318939813531
-0.0255085028342781,0.000826176127155222
-0.0254418139379793,0.000826042533189057
-0.0253751250416806,0.000825918618792882
-0.0253084361453818,0.000825804888029863
-0.025241747249083,0.000825701887812571
-0.0251750583527843,0.000825610206510802
-0.0251083694564855,0.000825530471518168
-0.0250416805601867,0.000825463345811538
-0.024974991663888,0.000825409523555884
-0.0249083027675892,0.000825369724824843
-0.0248416138712904,0.00082534468952356
-0.0247749249749917,0.000825335170615323
-0.0247082360786929,0.000825341926766557
-0.0246415471823941,0.000825365714535708
-0.0245748582860954,0.000825407280240356
-0.0245081693897966,0.000825467351643147
-0.0244414804934978,0.00082554662960098
-0.0243747915971991,0.000825645779822979
-0.0243081027009003,0.000825765424881394
-0.0242414138046015,0.000825906136615408
-0.0241747249083028,0.000826068429061273
-0.024108036012004,0.000826252752033156
-0.0240413471157052,0.000826459485467817
-0.0239746582194065,0.000826688934632891
-0.0239079693231077,0.000826941326283514
-0.0239077301788299,0.000826942314104701
-0.0238412804268089,0.000827218209103833
-0.0237745915305102,0.000827518365641262
-0.0237079026342114,0.00082784176945293
-0.0236412137379126,0.000828188315425255
-0.0235745248416139,0.000828557816277276
-0.0235078359453151,0.000828950005194924
-0.0234411470490163,0.000829364539500709
-0.0233744581527176,0.0008298010052952
-0.0233077692564188,0.000830258922989866
-0.02324108036012,0.000830737753635262
-0.0231743914638213,0.000831236905934966
-0.0231077025675225,0.000831755743823879
-0.0230410136712237,0.000832293594480047
-0.022974324774925,0.000832849756632027
-0.0229076358786262,0.000833423509019172
-0.0228409469823274,0.000834014118860263
-0.0227742580860287,0.000834620850186357
-0.0227075691897299,0.000835242971897145
-0.0226408802934311,0.000835879765405564
-0.0225741913971324,0.000836530531743871
-0.0225325035571536,0.000836945648549515
-0.0225075025008336,0.000837195876016137
-0.0224408136045348,0.000837876075707014
-0.0223741247082361,0.000838568392178676
-0.0223074358119373,0.000839272258192145
-0.0222407469156385,0.000839987150172641
-0.0221740580193398,0.000840712590154113
-0.022107369123041,0.000841448146681437
-0.0220406802267422,0.000842193434668905
-0.0219739913304435,0.000842948114232581
-0.0219073024341447,0.000843711888532498
-0.0218406135378459,0.000844484500678375
-0.0217739246415472,0.000845265729768968
-0.0217072357452484,0.000846055386150607
-0.0216405468489497,0.000846853305993654
-0.0216326303958426,0.000846948982994328
-0.0215738579526509,0.000847662988439252
-0.0215071690563521,0.000848481189381397
-0.0214404801600534,0.000849307293261905
-0.0213737912637546,0.000850141175051064
-0.0213071023674558,0.000850982702389526
-0.0212404134711571,0.000851831728614548
-0.0211737245748583,0.0008526880859976
-0.0211070356785595,0.000853551579322469
-0.0210403467822608,0.000854421979926303
-0.020973657885962,0.000855299020316893
-0.0209069689896632,0.000856182389468864
-0.020849234208692,0.000856952317439146
-0.0208402800933645,0.000857072339903575
-0.0207735911970657,0.00085797181908944
-0.0207069023007669,0.000858876423097122
-0.0206402134044682,0.000859785633935072
-0.0205735245081694,0.000860698879106455
-0.0205068356118706,0.000861615532326285
-0.0204401467155719,0.000862534915222193
-0.0203734578192731,0.000863456299994409
-0.0203067689229743,0.000864378912993631
-0.0202400800266756,0.000865301939159795
-0.0201733911303768,0.000866224527249723
-0.0201204671058036,0.000866955651883959
-0.020106702234078,0.000867146769324489
-0.0200400133377793,0.000868070519688263
-0.0199733244414805,0.000868991109090725
-0.0199066355451817,0.000869907601711014
-0.019839946648883,0.000870819060060941
-0.0197732577525842,0.000871724552839968
-0.0197065688562854,0.000872623162800563
-0.0196398799599867,0.000873513994496151
-0.0195731910636879,0.000874396181786361
-0.0195065021673891,0.000875268894979033
-0.0194398132710904,0.000876131347495206
-0.0193749898081392,0.000876958986328776
-0.0193731243747916,0.000876982924147263
-0.0193064354784928,0.000877827006952617
-0.0192397465821941,0.000878658722796173
-0.0191730576858953,0.000879477507957607
-0.0191063687895965,0.000880282865046129
-0.0190396798932978,0.000881074365033818
-0.018972990996999,0.000881851648336128
-0.0189063021007002,0.000882614424931239
-0.0188396132044015,0.000883362473526053
-0.0187729243081027,0.00088409563979262
-0.0187062354118039,0.000884813833714141
-0.0186395465155052,0.000885517026094291
-0.0185728576192064,0.000886205244297343
-0.0185061687229076,0.000886878567298807
-0.0184976871449957,0.00088696232077359
-0.0184394798266089,0.000887540065984673
-0.0183727909303101,0.000888187312363855
-0.0183061020340113,0.000888820076738564
-0.0182394131377126,0.000889438585807227
-0.0181727242414138,0.000890043086410499
-0.018106035345115,0.00089063383857597
-0.0180393464488163,0.000891211108640102
-0.0179726575525175,0.000891775162565112
-0.0179059686562187,0.000892326259564246
-0.01783927975992,0.000892864646143031
-0.0177725908636212,0.000893390550656356
-0.0177059019673224,0.000893904178471768
-0.0176392130710237,0.000894405707818708
-0.0175725241747249,0.00089489528639108
-0.0175058352784261,0.000895373028757516
-0.0174391463821274,0.000895839014619516
-0.0173724574858286,0.000896293287942982
-0.0173057685895298,0.000896735856973582
-0.017270199144557,0.000896965655218403
-0.0172390796932311,0.000897167722884026
-0.0171723907969323,0.000897588913053797
-0.0171057019006335,0.000897998162332259
-0.0170390130043348,0.000898395352957045
-0.016972324108036,0.000898780343943065
-0.0169056352117372,0.000899152975811547
-0.0168389463154385,0.000899513075877193
-0.0167722574191397,0.000899860463998271
-0.0167055685228409,0.000900194958686526
-0.0166388796265422,0.000900516383467578
-0.0165721907302434,0.000900824573378035
-0.0165055018339446,0.000901119381483209
-0.0164388129376459,0.000901400685298736
-0.0163721240413471,0.000901668393000888
-0.0163054351450483,0.000901922449313928
-0.0162387462487496,0.000902162840967982
-0.0161720573524508,0.000902389601628235
-0.0161053684561521,0.000902602816204952
-0.0160386795598533,0.000902802624464255
-0.0159719906635545,0.00090298922387128
-0.0159053017672558,0.000903162871610315
-0.015838612870957,0.000903323885740295
-0.0157719239746582,0.000903472645458719
-0.0157052350783595,0.000903609590462061
-0.0156385461820607,0.000903735219406106
-0.0155718572857619,0.000903850087484847
-0.0155051683894632,0.000903954803161694
-0.0154384794931644,0.000904050024100974
-0.0153717905968656,0.000904136452361616
-0.0153051017005669,0.000904214828927305
-0.0152384128042681,0.000904285927658894
-0.0151717239079693,0.00090435054876479
-0.0151050350116706,0.000904409511893311
-0.0150383461153718,0.000904463648957589
-0.014971657219073,0.00090451379680829
-0.0149049683227743,0.00090456078987212
-0.0148382794264755,0.000904605452874732
-0.0147715905301767,0.000904648593765378
-0.014704901633878,0.000904690996957259
-0.0146382127375792,0.000904733416992143
-0.0145715238412804,0.000904776572730723
-0.0145048349449817,0.00090482114216106
-0.0144381460486829,0.000904867757907102
-0.0143714571523841,0.00090491700350701
-0.0143047682560854,0.000904969410518012
-0.0142380793597866,0.000905025456490123
-0.0141713904634878,0.000905085563836203
-0.0141047015671891,0.00090515009961025
-0.0140380126708903,0.000905219376190161
-0.0139713237745915,0.000905293652845532
-0.0139046348782928,0.000905373138155696
-0.013837945981994,0.000905457993228412
-0.0137712570856952,0.000905548335655768
-0.0137045681893965,0.000905644244130914
-0.0136378792930977,0.000905745763637797
-0.0135711903967989,0.000905852911116051
-0.0135045015005002,0.000905965681494921
-0.0134378126042014,0.000906084053983641
-0.0133711237079026,0.000906207998501181
-0.0133044348116039,0.000906337482126039
-0.0132377459153051,0.000906472475446235
-0.0131710570190063,0.000906612958691766
-0.0131043681227076,0.00090675892753538
-0.0130376792264088,0.000906910398453918
-0.0130127941460742,0.00090696898966322
-0.01297099033011,0.000907067918539178
-0.0129043014338113,0.000907231384316654
-0.0128376125375125,0.000907400600916318
-0.0127709236412137,0.000907575710223957
-0.012704234744915,0.000907756892198275
-0.0126375458486162,0.000907944365891702
-0.0125708569523174,0.000908138389579509
-0.0125041680560187,0.000908339259991281
-0.0124374791597199,0.00090854731065486
-0.0123707902634211,0.000908762909379019
-0.0123041013671224,0.000908986454916584
-0.0122374124708236,0.000909218372864582
-0.0121707235745248,0.000909459110871756
-0.0121040346782261,0.000909709133236358
-0.0120373457819273,0.000909968914988117
-0.0119706568856285,0.000910238935557726
-0.0119039679893298,0.000910519672144634
-0.011837279093031,0.000910811592899464
-0.0117705901967322,0.000911115150040846
-0.0117039013004335,0.000911430773027747
-0.0116372124041347,0.000911758861907501
-0.0115705235078359,0.000912099780956746
-0.0115038346115372,0.000912453852727442
-0.0114371457152384,0.000912821352603034
-0.0113704568189396,0.000913202503960831
-0.0113037679226409,0.000913597474026254
-0.0112370790263421,0.000914006370492231
-0.0111703901300433,0.000914429238963822
-0.0111037012337446,0.000914866061273584
-0.0110370123374458,0.000915316754698028
-0.010970323441147,0.000915781172089714
-0.0109036345448483,0.000916259102923659
-0.0108369456485495,0.000916750275240667
-0.0108075694214948,0.000916972324108034
-0.0107702567522508,0.000917255802652514
-0.010703567855952,0.000917775057186413
-0.0106368789596532,0.000918306463699731
-0.0105701900633545,0.000918849538102917
-0.0105035011670557,0.000919403756152733
-0.0104368122707569,0.000919968559624352
-0.0103701233744582,0.000920543362877755
-0.0103034344781594,0.000921127559706737
-0.0102367455818606,0.000921720530354312
-0.0101700566855619,0.000922321648575977
-0.0101033677892631,0.000922930288631867
-0.0100366788929643,0.000923545832090772
-0.00996998999666555,0.000924167674332839
-0.00990330110036679,0.000924795230643615
-0.00983661220406802,0.000925427941799975
-0.00976992330776926,0.000926065279057819
-0.00970323441147049,0.000926706748462719
-0.00967543716443149,0.000926975658552851
-0.00963654551517172,0.000927353827020486
-0.00956985661887296,0.000928005565896926
-0.00950316772257419,0.000928660210273108
-0.00943647882627542,0.000929317430910241
-0.00936978992997666,0.000929976943148513
-0.00930310103367789,0.000930638506261362
-0.00923641213737913,0.000931301921967421
-0.00916972324108036,0.000931967032137184
-0.00910303434478159,0.000932633715745375
-0.00903634544848283,0.000933301885133169
-0.00896965655218406,0.000933971481656108
-0.0089029676558853,0.000934642470804132
-0.00883627875958653,0.000935314836888804
-0.00876958986328776,0.000935988577400094
-0.008702900966989,0.000936663697140165
-0.00867181856226355,0.000936978992997665
-0.00863621207069023,0.000937342054436153
-0.00856952317439146,0.000938023421347818
-0.0085028342780927,0.000938706171782679
-0.00843614538179393,0.000939390280560455
-0.00836945648549517,0.000940075700959442
-0.0083027675891964,0.000940762359791165
-0.00823607869289763,0.000941450152991192
-0.00816938979659887,0.000942138941807486
-0.0081027009003001,0.000942828549657153
-0.00803601200400133,0.000943518759710174
-0.00796932310770257,0.000944209313245903
-0.0079026342114038,0.000944899908814275
-0.00783594531510503,0.00094559020221959
-0.00776925641880627,0.000946279807330165
-0.0077025675225075,0.000946968297702811
-0.00770120547856476,0.000946982327442482
-0.00763587862620874,0.00094765865604815
-0.00756918972990997,0.000948346998260569
-0.0075025008336112,0.000949032720023661
-0.00743581193731244,0.000949715262341849
-0.00736912304101367,0.000950394044753651
-0.0073024341447149,0.000951068470889591
-0.00723574524841614,0.000951737934416919
-0.00716905635211737,0.000952401825272002
-0.00710236745581861,0.000953059536076588
-0.00703567855951984,0.000953710468631069
-0.00696898966322107,0.000954354040376993
-0.00690230076692231,0.000954989690721593
-0.00683561187062354,0.00095561688711996
-0.00676892297432477,0.000956235130814655
-0.00670223407802601,0.000956843962138802
-0.00668645863941079,0.000956985661887292
-0.00663554518172724,0.000957445313965417
-0.00656885628542848,0.000958037145725384
-0.00650216738912971,0.000958618411705012
-0.00643547849283094,0.000959188848496093
-0.00636878959653218,0.000959748249359913
-0.00630210070023341,0.000960296465471311
-0.00623541180393465,0.000960833406346572
-0.00616872290763588,0.000961359039452291
-0.00610203401133711,0.00096187338900604
-0.00603534511503835,0.00096237653399338
-0.00596865621873958,0.000962868605438775
-0.00590196732244081,0.000963349782980361
-0.00583527842614205,0.000963820290810019
-0.00576858952984328,0.00096428039305066
-0.00570190063354451,0.000964730388651735
-0.00563521173724575,0.000965170605891709
-0.00556852284094698,0.000965601396582566
-0.00550183394464822,0.000966023130075827
-0.00543514504834945,0.00096643618717264
-0.00536845615205068,0.000966840954041444
-0.00534357850279708,0.000966988996332109
-0.00530176725575192,0.000967239091560424
-0.00523507835945315,0.000967630423260989
-0.00516838946315438,0.000968014559594725
-0.00510170056685562,0.000968391852995839
-0.00503501167055685,0.000968762634358218
-0.00496832277425809,0.00096912720899695
-0.00490163387795932,0.000969485853235619
-0.00483494498166055,0.000969838811673873
-0.00476825608536179,0.000970186295178054
-0.00470156718906302,0.000970528479624915
-0.00463487829276425,0.000970865505415381
-0.00456818939646549,0.00097119747776197
-0.00450150050016672,0.000971524467740011
-0.00443481160386796,0.000971846514079562
-0.00436812270756919,0.000972163625662128
-0.00430143381127042,0.000972475784674008
-0.00423474491497166,0.00097278295035677
-0.00416805601867289,0.000973085063284929
-0.00410136712237412,0.000973382050091787
-0.00403467822607536,0.000973673828556604
-0.00396798932977659,0.000973960312959844
-0.00390130043347783,0.000974241419608706
-0.00383461153717906,0.000974517072431942
-0.00376792264088029,0.000974787208541802
-0.00370123374458153,0.000975051783661325
-0.00363454484828276,0.000975310777317507
-0.00356785595198399,0.000975564197704736
-0.00350116705568523,0.000975812086128556
-0.00343447815938646,0.000976054520946939
-0.0033677892630877,0.000976291620934865
-0.00330110036678893,0.000976523548007907
-0.00323441147049016,0.000976750509251497
-0.0031677225741914,0.000976972758214602
-0.0031617306459834,0.000976992330776923
-0.00310103367789263,0.000977191613900251
-0.00303434478159386,0.00097740648471011
-0.0029676558852951,0.000977617665036529
-0.00290096698899633,0.000977825593955979
-0.00283427809269757,0.000978030752126297
-0.0027675891963988,0.000978233658515973
-0.00270090030010003,0.000978434866472294
-0.00263421140380127,0.000978634959190357
-0.0025675225075025,0.000978834544655198
-0.00250083361120373,0.000979034250138445
-0.00243414471490497,0.000979234716338921
-0.0023674558186062,0.000979436591262469
-0.00230076692230744,0.00097964052394124
-0.00223407802600867,0.000979847158095231
-0.0021673891297099,0.000980057125840049
-0.00210070023341114,0.000980271041544057
-0.00203401133711237,0.000980489495935574
-0.0019673224408136,0.000980713050556384
-0.00190063354451484,0.000980942232651956
-0.00183394464821607,0.000981177530581121
-0.00176725575191731,0.000981419389819
-0.00170056685561854,0.000981668209616741
-0.00163387795931977,0.000981924340370132
-0.00156718906302101,0.000982188081736993
-0.00150050016672224,0.000982459681530178
-0.00143381127042347,0.000982739335399597
-0.00136712237412471,0.000983027187303047
-0.00130043347782594,0.000983323330751838
-0.00123374458152718,0.000983627810803979
-0.00116705568522841,0.00098394062676452
-0.00110036678892964,0.000984261735540663
-0.00103367789263088,0.000984591055587744
-0.000966988996332111,0.000984928471372221
-0.000900300100033344,0.000985273838268745
-0.000833611203734578,0.00098562698780122
-0.000766922307435812,0.000985987733131774
-0.000700233411137046,0.000986355874697585
-0.000633544514838279,0.000986731205893211
-0.000587414119153596,0.00098699566522174
-0.000566855618539513,0.000987114123737616
-0.000500166722240747,0.000987505212132876
-0.000433477825941981,0.000987902917843857
-0.000366788929643214,0.000988307059253973
-0.000300100033344448,0.000988717473354053
-0.000233411137045682,0.000989134019668832
-0.000166722240746916,0.000989556583595099
-0.000100033344448149,0.000989985079092631
-3.33444481493831e-05,0.000990419450680608
3.33444481493831e-05,0.000990859674704923
0.000100033344448149,0.000991305759855101
0.000166722240746916,0.000991757746922952
0.000233411137045682,0.000992215707808871
0.000300100033344448,0.000992679743795262
0.000366788929643214,0.000993149983119674
0.000433477825941981,0.000993626577892848
0.000500166722240747,0.000994109700418542
0.000566855618539513,0.000994599538982747
0.000633544514838279,0.000995096293189274
0.000700233411137046,0.000995600168926797
0.000766922307435812,0.000996111373058887
0.000833611203734578,0.000996630107933477
0.000880341168012408,0.000996998999666553
0.000900300100033344,0.000997157374128288
0.000966988996332111,0.000997694472258316
0.00103367789263088,0.000998239665942781
0.00110036678892964,0.00099879308518685
0.00116705568522841,0.000999354828686163
0.00123374458152718,0.000999924959303477
0.00130043347782594,0.00100050350003004
0.00136712237412471,0.0010010904305051
0.00143381127042347,0.00100168568415699
0.00150050016672224,0.00100228914601848
0.00156718906302101,0.00100290065125701
0.00163387795931977,0.00100351998444808
0.00170056685561854,0.00100414687960701
0.00176725575191731,0.00100478102098114
0.00183394464821607,0.00100542204459132
0.00190063354451484,0.00100606954049855
0.0019673224408136,0.00100672305575919
0.00199558236176116,0.00100700233411137
0.00203401133711237,0.00100738404535332
0.00210070023341114,0.00100805149284115
0.0021673891297099,0.00100872340549042
0.00223407802600867,0.0010093991968611
0.00230076692230744,0.00101007826041734
0.0023674558186062,0.00101075997528339
0.00243414471490497,0.00101144371216515
0.00250083361120373,0.00101212883934022
0.0025675225075025,0.00101281472861778
0.00263421140380127,0.00101350076117138
0.00270090030010003,0.00101418633314988
0.0027675891963988,0.00101487086097644
0.00283427809269757,0.00101555378625113
0.00290096698899633,0.00101623458018017
0.0029676558852951,0.00101691274746359
0.00297683517777517,0.00101700566855618
0.00303434478159386,0.00101759082165333
0.00310103367789263,0.00101826585138048
0.0031677225741914,0.00101893697919135
0.00323441147049016,0.00101960386802
0.00330110036678893,0.00102026622417569
0.0033677892630877,0.00102092379715512
0.00343447815938646,0.00102157637874426
0.00350116705568523,0.00102222380143489
0.00356785595198399,0.00102286593619303
0.00363454484828276,0.00102350268962732
0.00370123374458153,0.00102413400061532
0.00376792264088029,0.00102475983645509
0.00383461153717906,0.0010253801886169
0.00390130043347783,0.00102599506817652
0.00396798932977659,0.00102660450101655
0.00401265045031554,0.001027009003001
0.00403467822607536,0.00102720954700962
0.00410136712237412,0.00102781127068267
0.00416805601867289,0.00102840763621627
0.00423474491497166,0.00102899867955298
0.00430143381127042,0.00102958442713277
0.00436812270756919,0.00103016489157688
0.00443481160386796,0.00103074006775569
0.00450150050016672,0.00103130992931221
0.00456818939646549,0.00103187442570418
0.00463487829276425,0.00103243347981889
0.00470156718906302,0.00103298698620418
0.00476825608536179,0.00103353480994858
0.00483494498166055,0.00103407678623183
0.00490163387795932,0.00103461272055557
0.00496832277425809,0.0010351423896517
0.00503501167055685,0.0010356655430547
0.00510170056685562,0.00103618190531202
0.00516838946315438,0.00103669117879631
0.00521106508002546,0.00103701233744581
0.00523507835945315,0.00103719397432204
0.00530176725575192,0.00103769064200361
0.00536845615205068,0.00103817919044469
0.00543514504834945,0.00103865926989067
0.00550183394464822,0.00103913052950429
0.00556852284094698,0.00103959262253095
0.00563521173724575,0.00104004521157676
0.00570190063354451,0.00104048797391021
0.00576858952984328,0.00104092060669771
0.00583527842614205,0.00104134283208428
0.00590196732244081,0.00104175440203339
0.00596865621873958,0.00104215510284398
0.00603534511503835,0.0010425447592682
0.00610203401133711,0.00104292323815995
0.00616872290763588,0.00104329045159249
0.00623541180393465,0.00104364635939218
0.00630210070023341,0.00104399097104513
0.00636878959653218,0.00104432434694444
0.00643547849283094,0.00104464659895628
0.00650216738912971,0.00104495789029513
0.00656885628542848,0.00104525843470932
0.00663554518172724,0.00104554849499036
0.00670223407802601,0.00104582838083003
0.00676892297432477,0.00104609844606094
0.00683561187062354,0.00104635908532568
0.00690230076692231,0.0010466107302299
0.00696898966322107,0.00104685384504257
0.00701489892184495,0.00104701567189063
0.00703567855951984,0.00104708929843977
0.00710236745581861,0.00104731802196304
0.00716905635211737,0.00104753971966198
0.00723574524841614,0.00104775493984083
0.0073024341447149,0.00104796423790236
0.00736912304101367,0.00104816817096596
0.00743581193731244,0.00104836729261338
0.0075025008336112,0.00104856214784771
0.00756918972990997,0.00104875326834721
0.00763587862620874,0.0010489411680903
0.0077025675225075,0.00104912633942146
0.00776925641880627,0.00104930924961996
0.00783594531510503,0.00104949033802466
0.0079026342114038,0.0010496700137581
0.00796932310770257,0.00104984865408303
0.00803601200400133,0.00105002660341289
0.0081027009003001,0.00105020417298701
0.00816938979659887,0.0010503816412091
0.00823607869289763,0.00105055925463625
0.0083027675891964,0.00105073722959444
0.00836945648549517,0.00105091575438521
0.00843614538179393,0.00105109499203802
0.0085028342780927,0.00105127508355334
0.00856952317439146,0.00105145615157244
0.00863621207069023,0.00105163830440283
0.008702900966989,0.00105182164032158
0.00876958986328776,0.00105200625207407
0.00883627875958653,0.0010521922314819
0.0089029676558853,0.00105237967407202
0.00896965655218406,0.00105256868363835
0.00903634544848283,0.00105275937664836
0.00910303434478159,0.00105295188640975
0.00916972324108036,0.0010531463669164
0.00923641213737913,0.00105334299629826
0.00930310103367789,0.00105354197980693
0.00936978992997666,0.00105374355227656
0.00943647882627542,0.00105394798000903
0.00950316772257419,0.00105415556204243
0.00956985661887296,0.0010543666307728
0.00963654551517172,0.00105458155191024
0.00970323441147049,0.00105480072376262
0.00976992330776926,0.00105502457585182
0.00983661220406802,0.00105525356687917
0.00990330110036679,0.00105548818206858
0.00996998999666555,0.00105572892992677
0.0100366788929643,0.0010559763384704
0.0101033677892631,0.00105623095097943
0.0101700566855619,0.00105649332134464
0.0102367455818606,0.00105676400908438
0.0102975740968897,0.00105701900633545
0.0103034344781594,0.00105704370039792
0.0103701233744582,0.00105733418288764
0.0104368122707569,0.00105763469277784
0.0105035011670557,0.00105794576128369
0.0105701900633545,0.00105826789824389
0.0106368789596532,0.00105860158693576
0.010703567855952,0.00105894727916972
0.0107702567522508,0.00105930539074371
0.0108369456485495,0.00105967629733202
0.0109036345448483,0.00106006033087534
0.010970323441147,0.0010604577765304
0.0110370123374458,0.00106086887022751
0.0111037012337446,0.001061293796874
0.0111703901300433,0.00106173268923031
0.0112370790263421,0.00106218562747364
0.0113037679226409,0.00106265263945241
0.0113704568189396,0.00106313370162256
0.0114371457152384,0.00106362874064511
0.0115038346115372,0.00106413763561294
0.0115705235078359,0.00106466022086386
0.0116372124041347,0.00106519628932722
0.0117039013004335,0.00106574559634196
0.0117705901967322,0.00106630786387636
0.011837279093031,0.00106688278507277
0.0118531266726481,0.00106702234078026
0.0119039679893298,0.00106747232985423
0.0119706568856285,0.00106807462691914
0.0120373457819273,0.0010686885932064
0.0121040346782261,0.00106931385361311
0.0121707235745248,0.00106995002878543
0.0122374124708236,0.0010705967398402
0.0123041013671224,0.00107125361281281
0.0123707902634211,0.00107192028275479
0.0124374791597199,0.00107259639741202
0.0125041680560187,0.00107328162042177
0.0125708569523174,0.00107397563397628
0.0126375458486162,0.00107467814091073
0.012704234744915,0.00107538886618364
0.0127709236412137,0.00107610755772952
0.0128376125375125,0.00107683398667488
0.0128550296740834,0.00107702567522508
0.0129043014338113,0.00107757073645232
0.01297099033011,0.00107831585640217
0.0130376792264088,0.00107906819505221
0.0131043681227076,0.00107982760511132
0.0131710570190063,0.00108059395460907
0.0132377459153051,0.00108136712372878
0.0133044348116039,0.00108214700124534
0.0133711237079026,0.00108293348063843
0.0134378126042014,0.00108372645595722
0.0135045015005002,0.0010845258175172
0.0135711903967989,0.0010853314475123
0.0136378792930977,0.00108614321562687
0.0137045681893965,0.00108696097473175
0.0137100773972185,0.00108702900966989
0.0137712570856952,0.00108778843618369
0.013837945981994,0.00108862190463393
0.0139046348782928,0.00108946080837587
0.0139713237745915,0.0010903048933749
0.0140380126708903,0.00109115387113154
0.0141047015671891,0.00109200741644113
0.0141713904634878,0.00109286516570566
0.0142380793597866,0.00109372671583323
0.0143047682560854,0.00109459162375013
0.0143714571523841,0.00109545940653957
0.0144381460486829,0.00109632954221067
0.0144918992088651,0.0010970323441147
0.0145048349449817,0.00109720233903973
0.0145715238412804,0.00109807994687213
0.0146382127375792,0.00109895812762043
0.014704901633878,0.00109983621963288
0.0147715905301767,0.00110071353467724
0.0148382794264755,0.00110158936198596
0.0149049683227743,0.00110246297267474
0.014971657219073,0.00110333362446527
0.0150383461153718,0.00110420056663799
0.0151050350116706,0.00110506304513716
0.0151717239079693,0.00110592030774848
0.0152384128042681,0.00110677160926851
0.0152592628738169,0.00110703567855952
0.0153051017005669,0.00110761920030802
0.0153717905968656,0.00110846070101428
0.0154384794931644,0.0011092940562221
0.0155051683894632,0.00111011859394489
0.0155718572857619,0.00111093367235156
0.0156385461820607,0.00111173868334479
0.0157052350783595,0.00111253305565424
0.0157719239746582,0.00111331625740276
0.015838612870957,0.00111408779811294
0.0159053017672558,0.00111484723013139
0.0159719906635545,0.00111559414945758
0.0160386795598533,0.00111632819597468
0.0161044396402769,0.00111703901300433
0.0161053684561521,0.0011170491047225
0.0161720573524508,0.00111776013604657
0.0162387462487496,0.0011184574000147
0.0163054351450483,0.0011191407017369
0.0163721240413471,0.00111980988320704
0.0164388129376459,0.00112046482041881
0.0165055018339446,0.00112110542012201
0.0165721907302434,0.00112173161628352
0.0166388796265422,0.00112234336632123
0.0167055685228409,0.00112294064718301
0.0167722574191397,0.00112352345134438
0.0168389463154385,0.00112409178279976
0.0169056352117372,0.00112464565312141
0.016972324108036,0.00112518507765843
0.0170390130043348,0.00112571007194559
0.0171057019006335,0.00112622064838727
0.0171723907969323,0.00112671681327682
0.0172174551953956,0.00112704234744915
0.0172390796932311,0.00112719936626281
0.0173057685895298,0.00112766908922588
0.0173724574858286,0.00112812428491736
0.0174391463821274,0.00112856491376899
0.0175058352784261,0.00112899092178281
0.0175725241747249,0.00112940224042521
0.0176392130710237,0.0011297987870688
0.0177059019673224,0.00113018046597602
0.0177725908636212,0.00113054716980863
0.01783927975992,0.00113089878163875
0.0179059686562187,0.00113123517742766
0.0179726575525175,0.00113155622893114
0.0180393464488163,0.0011318618069822
0.018106035345115,0.0011321517850957
0.0181727242414138,0.00113242604333377
0.0182394131377126,0.00113268447236592
0.0183061020340113,0.0011329269776547
0.0183727909303101,0.00113315348369504
0.0184394798266089,0.00113336393823425
0.0185061687229076,0.00113355831639986
0.0185728576192064,0.00113373662466357
0.0186395465155052,0.00113389890457209
0.0187062354118039,0.0011340452361792
0.0187729243081027,0.00113417574111818
0.0188396132044015,0.00113429058525931
0.0189063021007002,0.00113438998090387
0.018972990996999,0.00113447418847361
0.0190396798932978,0.00113454351766269
0.0191063687895965,0.00113459832802789
0.0191730576858953,0.00113463902900204
0.0192397465821941,0.00113466607932505
0.0193064354784928,0.00113467998589644
0.0193731243747916,0.00113468130206275
0.0194398132710904,0.00113467062536255
0.0195065021673891,0.00113464859476057
0.0195731910636879,0.00113461588741126
0.0196398799599867,0.00113457321499924
0.0197065688562854,0.0011345213197118
0.0197732577525842,0.00113446096990407
0.019839946648883,0.00113439295552309
0.0199066355451817,0.00113431808336042
0.0199733244414805,0.00113423717220633
0.0200400133377793,0.00113415104797957
0.020106702234078,0.00113406053890757
0.0201733911303768,0.00113396647083045
0.0202400800266756,0.00113386966270057
0.0203067689229743,0.00113377092234512
0.0203734578192731,0.00113367104255558
0.0204401467155719,0.00113357079756121
0.0205068356118706,0.00113347093993773
0.0205735245081694,0.00113337219799431
0.0206402134044682,0.00113327527367366
0.0207069023007669,0.00113318084099125
0.0207735911970657,0.00113308954502976
0.0208402800933645,0.00113300200149553
0.0209069689896632,0.00113291879683344
0.020973657885962,0.00113284048888707
0.0210403467822608,0.00113276760808102
0.0211070356785595,0.00113270065909323
0.0211737245748583,0.00113264012297602
0.0212404134711571,0.00113258645967686
0.0213071023674558,0.00113254011090223
0.0213737912637546,0.00113250150326217
0.0214404801600534,0.00113247105162738
0.0215071690563521,0.00113244916262733
0.0215738579526509,0.00113243623821458
0.0216405468489497,0.00113243267921963
0.0217072357452484,0.00113243888882026
0.0217739246415472,0.0011324552758508
0.0218406135378459,0.00113248225787935
0.0219073024341447,0.00113252026398528
0.0219739913304435,0.00113256973717411
0.0220406802267422,0.00113263113637374
0.022107369123041,0.00113270493796311
0.0221740580193398,0.00113279163679294
0.0222407469156385,0.00113289174666736
0.0223074358119373,0.00113300580026474
0.0223741247082361,0.00113313434848656
0.0224408136045348,0.00113327795923332
0.0225075025008336,0.00113343721561709
0.0225741913971324,0.00113361271363067
0.0226408802934311,0.00113380505930337
0.0227075691897299,0.00113401486538283
0.0227742580860287,0.00113424274759128
0.0228409469823274,0.0011344893205126
0.0229076358786262,0.00113475519317347
0.022974324774925,0.00113504096438775
0.0230410136712237,0.00113534721793815
0.0231077025675225,0.00113567451767197
0.0231743914638213,0.00113602340259027
0.02324108036012,0.00113639438200987
0.0233077692564188,0.0011367879308768
0.0233490342320427,0.00113704568189396
0.0233744581527176,0.00113720530297651
0.0234411470490163,0.00113764752100099
0.0235078359453151,0.00113811360578987
0.0235745248416139,0.00113860385513191
0.0236412137379126,0.00113911851354495
0.0237079026342114,0.001139657769912
0.0237745915305102,0.00114022175568452
0.0238412804268089,0.00114081054367991
0.0239079693231077,0.00114142414748969
0.0239746582194065,0.00114206252150476
0.0240413471157052,0.00114272556155307
0.024108036012004,0.0011434131061348
0.0241747249083028,0.00114412493822984
0.0242414138046015,0.00114486078764265
0.0243081027009003,0.00114562033384046
0.0243747915971991,0.00114640320923254
0.0244282389435871,0.00114704901633878
0.0244414804934978,0.00114720982653654
0.0245081693897966,0.00114804235272822
0.0245748582860954,0.00114889697502355
0.0246415471823941,0.00114977317437912
0.0247082360786929,0.0011506704052563
0.0247749249749917,0.00115158810014691
0.0248416138712904,0.00115252567404012
0.0249083027675892,0.00115348252875526
0.024974991663888,0.0011544580570688
0.0250416805601867,0.001155451646568
0.0251083694564855,0.00115646268316987
0.0251466264761663,0.00115705235078359
0.0251750583527843,0.00115749281225618
0.025241747249083,0.00115854228935558
0.0253084361453818,0.00115960747052118
0.0253751250416806,0.00116068775837962
0.0254418139379793,0.00116178256487537
0.0255085028342781,0.00116289131194589
0.0255751917305769,0.00116401343166403
0.0256418806268756,0.00116514836585876
0.0257085695231744,0.00116629556523459
0.0257523094875114,0.00116705568522841
0.0257752584194732,0.00116745654184652
0.0258419473157719,0.00116863267675524
0.0259086362120707,0.00116981951933358
0.0259753251083695,0.00117101653524784
0.0260420140046682,0.0011722231884904
0.026108702900967,0.00117343893838122
0.0261753917972658,0.00117466323642494
0.0262420806935645,0.00117589552309348
0.0263046701922575,0.00117705901967322
0.0263087695898633,0.00117713561655006
0.0263754584861621,0.00117838855167695
0.0264421473824608,0.00117964772843046
0.0265088362787596,0.00118091250884284
0.0265755251750584,0.00118218222908395
0.0266422140713571,0.00118345619722011
0.0267089029676559,0.00118473369134806
0.0267755918639547,0.00118601395814885
0.026830117872531,0.00118706235411804
0.0268422807602534,0.00118729741345007
0.0269089696565522,0.00118858742897603
0.0269756585528509,0.00118987776196373
0.0270423474491497,0.00119116752430591
0.0271090363454485,0.00119245579639387
0.0271757252417472,0.00119374162866939
0.027242414138046,0.00119502404367645
0.0273091030343448,0.00119630203858883
0.0273491220821675,0.00119706568856285
0.0273757919306435,0.00119757720274398
0.0274424808269423,0.00119884976772233
0.0275091697232411,0.00120011474547974
0.0275758586195398,0.00120137105990566
0.0276425475158386,0.00120261762783484
0.0277092364121374,0.00120385336354092
0.0277759253084361,0.0012050771833564
0.0278426142047349,0.0012062880103535
0.0278861349300398,0.00120706902300767
0.0279093031010337,0.00120748691653621
0.0279759919973324,0.00120867465325144
0.0280426808936312,0.00120984617104197
0.02810936978993,0.00121100046038926
0.0281760586862287,0.00121213654067656
0.0282427475825275,0.00121325346393486
0.0283094364788263,0.00121435031823677
0.028376125375125,0.00121542623069731
0.0284428142714238,0.0012164803700474
0.0284810848240269,0.00121707235745248
0.0285095031677226,0.00121751421009618
0.0285761920640213,0.00121852767269752
0.0286428809603201,0.00121951701317679
0.0287095698566189,0.00122048157962305
0.0287762587529176,0.00122142076780027
0.0288429476492164,0.00122233402087471
0.0289096365455152,0.00122322082868942
0.0289763254418139,0.00122408072661291
0.0290430143381127,0.00122491329399589
0.0291097032344115,0.00122571815227568
0.0291763921307102,0.00122649496277334
0.0292281365739157,0.0012270756918973
0.029243081027009,0.00122724428660455
0.0293097699233078,0.00122796783304977
0.0293764588196065,0.00122866238036412
0.0294431477159053,0.00122932772205082
0.0295098366122041,0.00122996367786632
0.0295765255085028,0.00123057009088418
0.0296432144048016,0.00123114682463968
0.0297099033011004,0.00123169376041036
0.0297765921973991,0.00123221079468494
0.0298432810936979,0.00123269783686909
0.0299099699899967,0.00123315480727242
0.0299766588862954,0.00123358163541528
0.0300433477825942,0.00123397825868886
0.030110036678893,0.00123434462139527
0.0301767255751917,0.00123468067418776
0.0302434144714905,0.00123498637392428
0.0303101033677893,0.0012352616839403
0.030376792264088,0.00123550657473957
0.0304434811603868,0.00123572102509433
0.0305101700566856,0.00123590502353917
0.0305768589529843,0.00123605857023631
0.0306435478492831,0.00123618167918301
0.0307102367455819,0.00123627438072644
0.0307769256418806,0.00123633672434537
0.0308436145381794,0.00123636878165366
0.0309103034344782,0.00123637064957581
0.0309769923307769,0.00123634245364239
0.0310436812270757,0.00123628435134965
0.0311103701233745,0.00123619653552691
0.0311770590196732,0.00123607923765384
0.031243747915972,0.00123593273107056
0.0313104368122708,0.00123575733402405
0.0313771257085695,0.00123555341249665
0.0314438146048683,0.00123532138276536
0.0315105035011671,0.00123506171364406
0.0315771923974658,0.00123477492836552
0.0316438812937646,0.00123446160606517
0.0317105701900634,0.00123412238283451
0.0317772590863621,0.0012337579523183
0.0318439479826609,0.00123336906583674
0.0319106368789597,0.00123295653202093
0.0319773257752584,0.00123252121595735
0.0320440146715572,0.00123206403784482
0.032110703567856,0.00123158597117487
0.0321773924641547,0.00123108804045387
0.0322440813604535,0.00123057131849274
0.0323107702567522,0.00123003692329667
0.032377459153051,0.00122948601459379
0.0324441480493498,0.00122891979004741
0.0325108369456485,0.00122833948120182
0.0325775258419473,0.00122774634921546
0.0326442147382461,0.00122714168043924
0.0326513721030919,0.0012270756918973
0.0327109036345448,0.00122652959977839
0.0327775925308436,0.00122590899700879
0.0328442814271424,0.00122528086133317
0.0329109703234411,0.00122464652786906
0.0329776592197399,0.00122400733462747
0.0330443481160387,0.00122336461845447
0.0331110370123374,0.00122271971123035
0.0331777259086362,0.00122207393637508
0.033244414804935,0.00122142860570293
0.0333111037012337,0.00122078501666323
0.0333777925975325,0.00122014444999694
0.0334444814938313,0.00121950816783152
0.03351117039013,0.00121887741222833
0.0335778592864288,0.00121825340418881
0.0336445481827276,0.00121763734311683
0.0337066276611273,0.00121707235745248
0.0337112370790263,0.00121703062228087
0.0337779259753251,0.00121643703325292
0.0338446148716239,0.00121585480338365
0.0339113037679226,0.00121528504316522
0.0339779926642214,0.00121472884505132
0.0340446815605202,0.00121418728514337
0.0341113704568189,0.00121366142509752
0.0341780593531177,0.00121315231419478
0.0342447482494165,0.00121266099151288
0.0343114371457152,0.00121218848813636
0.034378126042014,0.0012117358293398
0.0344448149383128,0.00121130403667962
0.0345115038346115,0.00121089412993053
0.0345781927309103,0.00121050712880564
0.0346448816272091,0.00121014405440244
0.0347115705235078,0.00120980593032191
0.0347782594198066,0.00120949378341363
0.0348449483161054,0.00120920864410653
0.0349116372124041,0.00120895154629253
0.0349783261087029,0.00120872352673858
0.0350450150050017,0.00120852562401144
0.0351117039013004,0.00120835887690869
0.0351783927975992,0.00120822432239899
0.035245081693898,0.00120812299308405
0.0353117705901967,0.00120805591420396
0.0353784594864955,0.00120802410021674
0.0354451483827943,0.0012080285509913
0.035511837279093,0.00120807024766094
0.0355785261753918,0.00120815014819148
0.0356452150716906,0.00120826918272415
0.0357119039679893,0.00120842824875852
0.0357785928642881,0.00120862820624424
0.0358452817605869,0.00120886987265338
0.0359119706568856,0.00120915401810581
0.0359786595531844,0.00120948136062059
0.0360453484494832,0.00120985256156444
0.0361120373457819,0.00121026822136582
0.0361787262420807,0.00121072887555919
0.0362454151383795,0.00121123499121868
0.0363121040346782,0.00121178696383419
0.036378792930977,0.00121238511467569
0.0364454818272758,0.00121302968868336
0.0365121707235745,0.00121372085291244
0.0365788596198733,0.00121445869555221
0.0366455485161721,0.0012152432255292
0.0367122374124708,0.00121607437269453
0.0367789263087696,0.00121695198858563
0.0367876143656983,0.00121707235745248
0.0368456152050684,0.00121787999670485
0.0369123041013671,0.00121885480611493
0.0369789929976659,0.0012198754200017
0.0370456818939647,0.00122094139268853
0.0371123707902634,0.00122205221125365
0.0371790596865622,0.00122320729904467
0.037245748582861,0.00122440601946633
0.0373124374791597,0.00122564767997459
0.0373791263754585,0.00122693153620801
0.0373863796705233,0.0012270756918973
0.0374458152717572,0.0012282628963573
0.037512504168056,0.00122963577877584
0.0375791930643548,0.00123104855951832
0.0376458819606535,0.00123250032361985
0.0377125708569523,0.00123399012436438
0.0377792597532511,0.00123551698683613
0.0378459108903877,0.00123707902634211
0.0378459486495498,0.00123707991573469
0.0379126375458486,0.00123868613230549
0.0379793264421474,0.0012403265212207
0.0380460153384461,0.00124200001761682
0.0381127042347449,0.00124370554074096
0.0381793931310437,0.00124544199519544
0.0382413276190611,0.00124708236078693
0.0382460820273424,0.00124720892166887
0.0383127709236412,0.00124901316109951
0.03837945981994,0.00125084510222043
0.0384461487162387,0.00125270358844131
0.0385128376125375,0.00125458744839226
0.0385795265088363,0.00125649549482407
0.038599908287272,0.00125708569523174
0.038646215405135,0.00125843343669913
0.0387129043014338,0.00126039628825245
0.0387795931977326,0.00126237975498466
0.0388462820940313,0.00126438256379522
0.0389129709903301,0.00126640341718844
0.0389354098082739,0.00126708902967656
0.0389796598866289,0.00126844795456168
0.0390463487829276,0.00127051146660108
0.0391130376792264,0.00127258903243849
0.0391797265755252,0.0012746792319765
0.0392464154718239,0.00127678061249281
0.0392562631566456,0.00127709236412137
0.0393131043681227,0.00127890094524501
0.0393797932644215,0.00128103109358131
0.0394464821607202,0.00128316789040878
0.039513171057019,0.00128530973844271
0.0395686896682277,0.00128709569856619
0.0395798599533178,0.00128745685388106
0.0396465488496165,0.00128961491478977
0.0397132377459153,0.00129177303197791
0.0397799266422141,0.00129392947108452
0.0398466155385128,0.00129608246994767
0.0398781788364101,0.001297099033011
0.0399133044348116,0.00129823605478748
0.0399799933311104,0.00130038778912148
0.0400466822274091,0.00130253061083462
0.0401133711237079,0.00130466266756415
0.0401800600200067,0.00130678209572429
0.0401902063093213,0.00130710236745582
0.0402467489163054,0.00130889619479581
0.0403134378126042,0.001310995482103
0.040380126708903,0.00131307643119546
0.0404468156052017,0.00131513716779203
0.0405112103640089,0.00131710570190063
0.0405135045015005,0.00131717618901957
0.0405801933977993,0.00131920127903838
0.040646882294098,0.00132120048561748
0.0407135711903968,0.00132317199668803
0.0407802600866956,0.0013251140290225
0.0408469489829943,0.00132702483222832
0.0408499392481286,0.00132710903634545
0.0409136378792931,0.00132891190913048
0.0409803267755919,0.00133076462333251
0.0410470156718906,0.00133258090285429
0.0411137045681894,0.0013343591544323
0.0411803934644882,0.00133609783320464
0.0412202485633643,0.00133711237079026
0.0412470823607869,0.00133779895430857
0.0413137712570857,0.00133946255906611
0.0413804601533845,0.00134108203795852
0.0414471490496832,0.0013426560487592
0.041513837945982,0.00134418330400722
0.0415805268422808,0.00134566257110339
0.0416472157385795,0.00134709267207151
0.0416483290381988,0.00134711570523508
0.0417139046348783,0.00134847945091908
0.0417805935311771,0.00134981472227072
0.0418472824274758,0.00135109734424208
0.0419139713237746,0.00135232634449402
0.0419806602200734,0.00135350080050469
0.0420473491163721,0.00135461983802381
0.0421140380126709,0.00135568262945163
0.0421807269089697,0.00135668839218639
0.0422110235343825,0.00135711903967989
0.0422474158052684,0.00135763904249837
0.0423141047015672,0.00135853313745482
0.042380793597866,0.00135936780609173
0.0424474824941647,0.00136014242718089
0.0425141713904635,0.00136085641740499
0.0425808602867623,0.00136150923035168
0.042647549183061,0.00136210035573679
0.0427142380793598,0.00136262931888106
0.0427809269756586,0.00136309568046029
0.0428476158719573,0.00136349903654433
0.0429143047682561,0.00136383901893503
0.0429809936645549,0.00136411529580881
0.0430476825608536,0.00136432757266412
0.0431143714571524,0.00136447559356914
0.0431810603534512,0.00136455914270036
0.0432477492497499,0.00136457804615767
0.0433144381460487,0.00136453217403716
0.0433811270423475,0.00136442144273865
0.0434478159386462,0.00136424581748083
0.043514504834945,0.0013640053149935
0.0435811937312438,0.00136370000635298
0.0436478826275425,0.00136333001992438
0.0437145715238413,0.00136289554437187
0.04378126042014,0.00136239683169652
0.0438479493164388,0.00136183420026016
0.0439146382127376,0.00136120803775292
0.0439813271090363,0.00136051880406226
0.0440480160053351,0.0013597670340017
0.0441147049016339,0.00135895333985868
0.0441813937979326,0.00135807841372251
0.0442480826942314,0.00135714302955591
0.044249690926499,0.00135711903967989
0.0443147715905302,0.00135615303195544
0.0443814604868289,0.00135510480408886
0.0444481493831277,0.0013539992465974
0.0445148382794265,0.00135283746979361
0.0445815271757252,0.00135162067084276
0.044648216072024,0.00135035013372107
0.0447149049683228,0.00134902722876802
0.0447815938646215,0.00134765341182983
0.0448067936275845,0.00134711570523508
0.0448482827609203,0.00134623477937878
0.0449149716572191,0.00134477141299149
0.0449816605535178,0.0013432622409669
0.0450483494498166,0.00134170903556653
0.0451150383461154,0.00134011364407813
0.0451817272424141,0.00133847798578148
0.0452361349333369,0.00133711237079026
0.0452484161387129,0.00133680563690602
0.0453151050350117,0.00133510428579602
0.0453817939313104,0.00133336900294956
0.0454484828276092,0.00133160194935283
0.045515171723908,0.00132980533923255
0.0455818606202067,0.00132798143600477
0.0456133310806178,0.00132710903634545
0.0456485495165055,0.00132613758389988
0.0457152384128043,0.00132427571595535
0.045781927309103,0.00132239370904339
0.0458486162054018,0.00132049397105697
0.0459153051017006,0.00131857893935729
0.0459662694426245,0.00131710570190063
0.0459819939979993,0.00131665342417789
0.0460486828942981,0.00131472522676088
0.0461153717905969,0.00131278923723983
0.0461820606868956,0.00131084796585576
0.0462487495831944,0.00130890393741487
0.046310545035337,0.00130710236745582
0.0463154384794932,0.00130696042662415
0.0463821273757919,0.00130502854671133
0.0464488162720907,0.00130310153320568
0.0465155051683895,0.00130118193807085
0.0465821940646882,0.00129927232025075
0.046648882960987,0.00129737524500277
0.0466586712543244,0.001297099033011
0.0467155718572858,0.0012955015963427
0.0467822607535845,0.00129364698200634
0.0468489496498833,0.00129181254104313
0.0469156385461821,0.00129000084730102
0.0469823274424808,0.00128821447994192
0.0470247571913866,0.00128709569856619
0.0470490163387796,0.00128645933899713
0.0471157052350784,0.00128474034251671
0.0471823941313771,0.00128305427392242
0.0472490830276759,0.00128140371850149
0.0473157719239747,0.0012797912655058
0.0473824608202734,0.00127821950726768
0.0474316392284405,0.00127709236412137
0.0474491497165722,0.00127669312023684
0.047515838612871,0.001275218228019
0.0475825275091697,0.00127379156212238
0.0476492164054685,0.00127241569710364
0.0477159053017673,0.00127109320053448
0.047782594198066,0.00126982662966226
0.0478492830943648,0.00126861852759426
0.0479159719906636,0.00126747141901044
0.0479395046524817,0.00126708902967656
0.0479826608869623,0.00126639144433803
0.0480493497832611,0.00126537907943861
0.0481160386795599,0.00126443476620757
0.0481827275758586,0.00126356089136181
0.0482494164721574,0.00126275979580802
0.0483161053684562,0.0012620337681694
0.0483827942647549,0.00126138503812006
0.0484494831610537,0.00126081576959531
0.0485161720573525,0.00126032805394997
0.0485828609536512,0.00125992390313955
0.04864954984995,0.00125960524300091
0.0487162387462487,0.00125937390670868
0.0487829276425475,0.00125923162848258
0.0488496165388463,0.00125918003761803
0.048916305435145,0.00125922065290806
0.0489829943314438,0.0012593548775195
0.0490496832277426,0.00125958399437957
0.0491163721240413,0.00125990916212157
0.0491830610203401,0.00126033141162959
0.0492497499166389,0.00126085164321345
0.0493164388129376,0.00126147062443449
0.0493831277092364,0.00126218898859347
0.0494498166055352,0.00126300723388091
0.0495165055018339,0.00126392572318029
0.0495831943981327,0.00126494468450425
0.0496498832944315,0.00126606421203449
0.049705898158976,0.00126708902967656
0.0497165721907302,0.00126728528268517
0.049783261087029,0.00126861256173989
0.0498499499833278,0.00127004042359031
0.0499166388796265,0.00127156844562578
0.0499833277759253,0.0012731960833663
