-0.0499833277759253,0.000557112806336089
-0.0499435741792564,0.000556852284094696
-0.0499166388796265,0.000556676542928266
-0.0498499499833278,0.00055630960583651
-0.049783261087029,0.000556011805229268
-0.0497165721907302,0.000555784057597904
-0.0496498832944315,0.000555627160843496
-0.0495831943981327,0.000555541782452963
-0.0495165055018339,0.000555528448792881
-0.0494498166055352,0.000555587535727469
-0.0493831277092364,0.000555719260743542
-0.0493164388129376,0.000555923676737977
-0.0492497499166389,0.000556200667593128
-0.0491830610203401,0.000556549945633204
-0.0491351791804803,0.000556852284094696
-0.0491163721240413,0.000556971605316622
-0.0490496832277426,0.000557466205694887
-0.0489829943314438,0.00055803153473211
-0.048916305435145,0.000558666628226564
-0.0488496165388463,0.000559370366059965
-0.0487829276425475,0.000560141480951729
-0.0487162387462487,0.000560978568779267
-0.04864954984995,0.000561880100291086
-0.0485828609536512,0.000562844434014931
-0.0485161720573525,0.000563869830142204
-0.0484494831610537,0.00056495446515327
-0.0483827942647549,0.000566096446936012
-0.0483405117769347,0.000566855618539513
-0.0483161053684562,0.000567295885729106
-0.0482494164721574,0.00056855255854223
-0.0481827275758586,0.00056986089062499
-0.0481160386795599,0.000571218857929607
-0.0480493497832611,0.000572624441692969
-0.0479826608869623,0.000574075641311089
-0.0479159719906636,0.000575570486042276
-0.0478600503843049,0.000576858952984326
-0.0478492830943648,0.000577108212131747
-0.047782594198066,0.000578692020185429
-0.0477159053017673,0.000580314017399726
-0.0476492164054685,0.000581972430963458
-0.0475825275091697,0.00058366555400946
-0.047515838612871,0.000585391747733486
-0.047460043894803,0.00058686228742914
-0.0474491497165722,0.000587150792317023
-0.0473824608202734,0.000588946889853545
-0.0473157719239747,0.000590771676096416
-0.0472490830276759,0.000592623763787459
-0.0471823941313771,0.000594501819969761
-0.0471157052350784,0.000596404558982428
-0.0470997406552213,0.000596865621873957
-0.0470490163387796,0.000598337611786122
-0.0469823274424808,0.000600295147069747
-0.0469156385461821,0.000602273798276107
-0.0468489496498833,0.000604272375245516
-0.0467822607535845,0.000606289689022947
-0.0467632747752277,0.000606868956318771
-0.0467155718572858,0.000608331357783073
-0.046648882960987,0.000610392130769768
-0.0465821940646882,0.000612468044164957
-0.0465155051683895,0.000614557811215316
-0.0464488162720907,0.000616660100610409
-0.0464421203143373,0.000616872290763588
-0.0463821273757919,0.000618782412780079
-0.0463154384794932,0.000620915455607485
-0.0462487495831944,0.000623056729803428
-0.0461820606868956,0.000625204662849885
-0.0461303017749976,0.000626875625208401
-0.0461153717905969,0.000627359864901198
-0.0460486828942981,0.000629526192544016
-0.0459819939979993,0.000631694067412943
-0.0459153051017006,0.000633861647288538
-0.0458486162054018,0.000636027030671232
-0.0458223296864503,0.000636878959653218
-0.045781927309103,0.000638194370656619
-0.0457152384128043,0.000640359504234648
-0.0456485495165055,0.000642516407361697
-0.0455818606202067,0.000644662999866484
-0.045515171723908,0.000646797181063231
-0.0455124942641983,0.000646882294098032
-0.0454484828276092,0.000648926338618534
-0.0453817939313104,0.000651039189760639
-0.0453151050350117,0.000653133231493637
-0.0452484161387129,0.000655206382666721
-0.0451937957039828,0.000656885628542846
-0.0451817272424141,0.000657258331790639
-0.0451150383461154,0.000659293081124314
-0.0450483494498166,0.000661300840595534
-0.0449816605535178,0.000663279734023582
-0.0449149716572191,0.000665227965782224
-0.0448571555759129,0.000666888962987663
-0.0448482827609203,0.000667145021815374
-0.0447815938646215,0.00066903571168558
-0.0447149049683228,0.000670890760315856
-0.044648216072024,0.000672708769667242
-0.0445815271757252,0.000674488458580482
-0.0445148382794265,0.000676228666309358
-0.0444888017539371,0.000676892297432476
-0.0444481493831277,0.000677933197802146
-0.0443814604868289,0.00067959920181338
-0.0443147715905302,0.00068122277914434
-0.0442480826942314,0.000682803254654594
-0.0441813937979326,0.000684340071612179
-0.0441147049016339,0.000685832787317501
-0.0440657647757744,0.000686895631877293
-0.0440480160053351,0.000687282865915574
-0.0439813271090363,0.000688693024133078
-0.0439146382127376,0.000690058162813852
-0.0438479493164388,0.000691378230474495
-0.04378126042014,0.000692653253821207
-0.0437145715238413,0.000693883328449332
-0.0436478826275425,0.000695068609225605
-0.0435811937312438,0.000696209300512272
-0.0435392428442445,0.000696898966322107
-0.043514504834945,0.000697307536441771
-0.0434478159386462,0.000698364698563366
-0.0433811270423475,0.000699377877099006
-0.0433144381460487,0.000700347381044933
-0.0432477492497499,0.000701273523160193
-0.0431810603534512,0.000702156612366628
-0.0431143714571524,0.000702996946981263
-0.0430476825608536,0.000703794808879975
-0.0429809936645549,0.000704550458675551
-0.0429143047682561,0.000705264131976144
-0.0428476158719573,0.000705936036772411
-0.0427809269756586,0.000706566351983051
-0.0427428831891062,0.000706902300766921
-0.0427142380793598,0.000707156398850719
-0.042647549183061,0.000707706491820757
-0.0425808602867623,0.000708215169979044
-0.0425141713904635,0.000708682505138617
-0.0424474824941647,0.000709108549701555
-0.042380793597866,0.000709493341759144
-0.0423141047015672,0.000709836911053024
-0.0422474158052684,0.000710139285688723
-0.0421807269089697,0.000710400499480781
-0.0421140380126709,0.000710620599798191
-0.0420473491163721,0.000710799655770525
-0.0419806602200734,0.000710937766708898
-0.0419139713237746,0.000711035070591916
-0.0418472824274758,0.00071109175246513
-0.0417805935311771,0.000711108052603178
-0.0417139046348783,0.000711084274286971
-0.0416472157385795,0.00071102079105358
-0.0415805268422808,0.000710918053284318
-0.041513837945982,0.000710776594006269
-0.0414471490496832,0.000710597033794522
-0.0413804601533845,0.000710380084676143
-0.0413137712570857,0.000710126552952487
-0.0412470823607869,0.000709837340873369
-0.0411803934644882,0.000709513447114834
-0.0411137045681894,0.000709155966031509
-0.0410470156718906,0.000708766085674193
-0.0409803267755919,0.000708345084583676
-0.0409136378792931,0.000707894327391821
-0.0408469489829943,0.000707415259280931
-0.0407802600866956,0.000706909399371626
-0.0407793686332229,0.000706902300766921
-0.0407135711903968,0.00070638075586051
-0.040646882294098,0.000705828689584614
-0.0405801933977993,0.000705254851675654
-0.0405135045015005,0.000704660964771344
-0.0404468156052017,0.000704048779911222
-0.040380126708903,0.000703420065941796
-0.0403134378126042,0.000702776598758905
-0.0402467489163054,0.000702120150551238
-0.0401800600200067,0.000701452479210049
-0.0401133711237079,0.000700775318068256
-0.0400466822274091,0.000700090366127656
-0.0399799933311104,0.000699399278925436
-0.0399133044348116,0.000698703660181315
-0.0398466155385128,0.000698005054353992
-0.0397799266422141,0.000697304940220715
-0.0397412611070501,0.000696898966322107
-0.0397132377459153,0.000696606081860148
-0.0396465488496165,0.000695910321541729
-0.0395798599533178,0.000695217037406773
-0.039513171057019,0.00069452739977484
-0.0394464821607202,0.000693842499570379
-0.0393797932644215,0.000693163349355316
-0.0393131043681227,0.000692490885624533
-0.0392464154718239,0.000691825972311304
-0.0391797265755252,0.000691169405428462
-0.0391130376792264,0.000690521918750462
-0.0390463487829276,0.000689884190422758
-0.0389796598866289,0.000689256850367814
-0.0389129709903301,0.00068864048834217
-0.0388462820940313,0.000688035662486616
-0.0387795931977326,0.000687442908201756
-0.0387166845156879,0.000686895631877293
-0.0387129043014338,0.000686862899454623
-0.038646215405135,0.000686298475555665
-0.0385795265088363,0.000685747621620207
-0.0385128376125375,0.000685210868441294
-0.0384461487162387,0.000684688767028366
-0.03837945981994,0.000684181895733559
-0.0383127709236412,0.000683690866522279
-0.0382460820273424,0.000683216330255045
-0.0381793931310437,0.000682758980865183
-0.0381127042347449,0.000682319558336905
-0.0380460153384461,0.000681898850410116
-0.0379793264421474,0.00068149769296167
-0.0379126375458486,0.000681116969037413
-0.0378459486495498,0.000680757606534355
-0.0377792597532511,0.00068042057455785
-0.0377125708569523,0.000680106878503507
-0.0376458819606535,0.000679817553937965
-0.0375791930643548,0.000679553659375443
-0.037512504168056,0.000679316268068376
-0.0374458152717572,0.000679106458949419
-0.0373791263754585,0.000678925306878775
-0.0373124374791597,0.000678773872364451
-0.037245748582861,0.000678653190933783
-0.0371790596865622,0.000678564262341814
-0.0371123707902634,0.000678508039806054
-0.0370456818939647,0.000678485419457496
-0.0369789929976659,0.000678497230194594
-0.0369123041013671,0.000678544224120403
-0.0368456152050684,0.000678627067732999
-0.0367789263087696,0.000678746334026518
-0.0367122374124708,0.000678902495643971
-0.0366455485161721,0.000679095919204752
-0.0365788596198733,0.000679326860908911
-0.0365121707235745,0.000679595463497766
-0.0364454818272758,0.000679901754626461
-0.036378792930977,0.0006802456466791
-0.0363121040346782,0.000680626938031573
-0.0362454151383795,0.000681045315741593
-0.0361787262420807,0.000681500359620295
-0.0361120373457819,0.000681991547615327
-0.0360453484494832,0.000682518262412352
-0.0359786595531844,0.000683079799140421
-0.0359119706568856,0.00068367537404745
-0.0358452817605869,0.000684304133995219
-0.0357785928642881,0.000684965166609158
-0.0357119039679893,0.000685657510907291
-0.0356452150716906,0.000686380168224819
-0.0355994998503104,0.000686895631877293
-0.0355785261753918,0.000687133215847945
-0.035511837279093,0.000687917047014551
-0.0354451483827943,0.000688728208336264
-0.0353784594864955,0.000689565653989746
-0.0353117705901967,0.000690428352957582
-0.035245081693898,0.000691315297917406
-0.0351783927975992,0.000692225513211012
-0.0351117039013004,0.000693158061767909
-0.0350450150050017,0.00069411205087794
-0.0349783261087029,0.000695086636729698
-0.0349116372124041,0.000696081027655086
-0.0348578137230478,0.000696898966322107
-0.0348449483161054,0.000697095399440933
-0.0347782594198066,0.000698132062395926
-0.0347115705235078,0.000699186562667218
-0.0346448816272091,0.000700258319646258
-0.0345781927309103,0.000701346801579162
-0.0345115038346115,0.000702451521168464
-0.0344448149383128,0.000703572030134243
-0.034378126042014,0.000704707912857582
-0.0343114371457152,0.000705858779245006
-0.0342517260001184,0.000706902300766921
-0.0342447482494165,0.000707024825442876
-0.0341780593531177,0.000708210048750799
-0.0341113704568189,0.000709409219735134
-0.0340446815605202,0.00071062196718137
-0.0339779926642214,0.000711847903696499
-0.0339113037679226,0.000713086617291234
-0.0338446148716239,0.000714337663346192
-0.0337779259753251,0.000715600557119824
-0.0337112370790263,0.000716874766944489
-0.0337096349185175,0.000716905635211734
-0.0336445481827276,0.000718165536249156
-0.0335778592864288,0.000719466582601343
-0.03351117039013,0.000720777055406422
-0.0334444814938313,0.000722096182473632
-0.0333777925975325,0.000723423124788293
-0.0333111037012337,0.0007247569759874
-0.033244414804935,0.000726096763070246
-0.033204134268584,0.000726908969656551
-0.0331777259086362,0.000727443921104389
-0.0331110370123374,0.00072879866834569
-0.0330443481160387,0.000730156072063769
-0.0329776592197399,0.000731514918919744
-0.0329109703234411,0.000732873949779682
-0.0328442814271424,0.000734231867003062
-0.0327775925308436,0.00073558734251288
-0.0327122221666939,0.000736912304101365
-0.0327109036345448,0.000736939150743544
-0.0326442147382461,0.000738291942538134
-0.0325775258419473,0.000739638188615923
-0.0325108369456485,0.0007409765243546
-0.0324441480493498,0.000742305601762421
-0.032377459153051,0.000743624099235371
-0.0323107702567522,0.000744930731046198
-0.0322440813604535,0.000746224256415103
-0.0322080396640796,0.000746915638546182
-0.0321773924641547,0.000747506225739619
-0.032110703567856,0.000748775924911212
-0.0320440146715572,0.000750029071434518
-0.0319773257752584,0.000751264676679001
-0.0319106368789597,0.000752481831809408
-0.0318439479826609,0.000753679711848597
-0.0317772590863621,0.000754857578612675
-0.0317105701900634,0.000756014782485616
-0.0316574890407547,0.000756918972990996
-0.0316438812937646,0.000757151842564712
-0.0315771923974658,0.000758271316790679
-0.0315105035011671,0.000759368606263726
-0.0314438146048683,0.000760443408217465
-0.0313771257085695,0.000761495500598426
-0.0313104368122708,0.000762524737263931
-0.031243747915972,0.000763531042311849
-0.0311770590196732,0.000764514403649636
-0.0311103701233745,0.000765474865921352
-0.0310436812270757,0.000766412522920819
-0.0310065250378499,0.000766922307435813
-0.0309769923307769,0.000767329391122445
-0.0309103034344782,0.00076822601746739
-0.0308436145381794,0.000769100227687368
-0.0307769256418806,0.000769952232046227
-0.0307102367455819,0.000770782249278133
-0.0306435478492831,0.00077159049879516
-0.0305768589529843,0.000772377193346712
-0.0305101700566856,0.00077314253225207
-0.0304434811603868,0.000773886695316475
-0.030376792264088,0.00077460983752904
-0.0303101033677893,0.000775312084626698
-0.0302434144714905,0.000775993529593364
-0.0301767255751917,0.000776654230147221
-0.0301484437761888,0.000776925641880626
-0.030110036678893,0.000777295913023634
-0.0300433477825942,0.000777918016411139
-0.0299766588862954,0.000778519231397891
-0.0299099699899967,0.000779099470060259
-0.0298432810936979,0.000779658611916226
-0.0297765921973991,0.000780196507494411
-0.0297099033011004,0.000780712982784228
-0.0296432144048016,0.000781207844485728
-0.0295765255085028,0.000781680885964308
-0.0295098366122041,0.000782131893803612
-0.0294431477159053,0.000782560654839898
-0.0293764588196065,0.000782966963553017
-0.0293097699233078,0.000783350629683004
-0.029243081027009,0.000783711485937457
-0.0291763921307102,0.000784049395653058
-0.0291097032344115,0.000784364260275289
-0.0290430143381127,0.000784656026523039
-0.0289763254418139,0.000784924693109976
-0.0289096365455152,0.000785170316901555
-0.0288429476492164,0.000785393018395823
-0.0287762587529176,0.000785592986427118
-0.0287095698566189,0.000785770482004539
-0.0286428809603201,0.000785925841211318
-0.0285761920640213,0.000786059477106632
-0.0285095031677226,0.000786171880587996
-0.0284428142714238,0.000786263620189489
-0.028376125375125,0.000786335340809006
-0.0283094364788263,0.000786387761375218
-0.0282427475825275,0.000786421671483133
-0.0281760586862287,0.00078643792704406
-0.02810936978993,0.000786437445012636
-0.0280426808936312,0.000786421197269097
-0.0279759919973324,0.000786390203749234
-0.0279093031010337,0.000786345524927508
-0.0278426142047349,0.000786288253769641
-0.0277759253084361,0.000786219507280303
-0.0277092364121374,0.000786140417778568
-0.0276425475158386,0.000786052124038545
-0.0275758586195398,0.000785955762435204
-0.0275091697232411,0.000785852458235508
-0.0274424808269423,0.000785743317172676
-0.0273757919306435,0.000785629417436919
-0.0273091030343448,0.000785511802208939
-0.027242414138046,0.000785391472853629
-0.0271757252417472,0.000785269382880112
-0.0271090363454485,0.000785146432761479
-0.0270423474491497,0.000785023465692952
-0.0269756585528509,0.000784901264351275
-0.0269089696565522,0.000784780548700976
-0.0268422807602534,0.000784661974875369
-0.0267755918639547,0.000784546135141558
-0.0267089029676559,0.000784433558940145
-0.0266422140713571,0.000784324714971691
-0.0265755251750584,0.000784220014283882
-0.0265088362787596,0.00078411981429584
-0.0264421473824608,0.000784024423679694
-0.0263754584861621,0.000783934108004381
-0.0263087695898633,0.000783849096033209
-0.0262420806935645,0.000783769586555069
-0.0261753917972658,0.000783695755619511
-0.026108702900967,0.000783627764038664
-0.0260420140046682,0.000783565765013957
-0.0259753251083695,0.000783509911743045
-0.0259086362120707,0.000783460364862621
-0.0258419473157719,0.0007834172995852
-0.0257752584194732,0.000783380912393358
-0.0257085695231744,0.000783351427162498
-0.0256418806268756,0.00078332910059317
-0.0255751917305769,0.00078331422684633
-0.0255085028342781,0.000783307141288931
-0.0254418139379793,0.000783308223273276
-0.0253751250416806,0.000783317897890876
-0.0253084361453818,0.000783336636660033
-0.025241747249083,0.000783364957125694
-0.0251750583527843,0.000783403421369918
-0.0251083694564855,0.00078345263345105
-0.0250416805601867,0.00078351323580934
-0.024974991663888,0.000783585904695633
-0.0249083027675892,0.000783671344697698
-0.0248416138712904,0.000783770282455365
-0.0247749249749917,0.000783883459670601
-0.0247082360786929,0.000784011625531751
-0.0246415471823941,0.000784155528682016
-0.0245748582860954,0.000784315908870847
-0.0245081693897966,0.000784493488432938
-0.0244414804934978,0.00078468896374294
-0.0243747915971991,0.000784902996794774
-0.0243081027009003,0.000785136207052501
-0.0242414138046015,0.000785389163715084
-0.0241747249083028,0.000785662378530342
-0.024108036012004,0.000785956299283732
-0.0240413471157052,0.000786271304075947
-0.0239746582194065,0.000786607696489406
-0.0239148102264363,0.00078692897632544
-0.0239079693231077,0.000786965871728659
-0.0238412804268089,0.000787347391687254
-0.0237745915305102,0.000787750830667546
-0.0237079026342114,0.000788176166334465
-0.0236412137379126,0.000788623292973003
-0.0235745248416139,0.000789092023131984
-0.0235078359453151,0.000789582090364657
-0.0234411470490163,0.000790093153018206
-0.0233744581527176,0.000790624799006088
-0.0233077692564188,0.000791176551480007
-0.02324108036012,0.000791747875302864
-0.0231743914638213,0.000792338184210209
-0.0231077025675225,0.000792946848536014
-0.0230410136712237,0.000793573203369121
-0.022974324774925,0.000794216556999599
-0.0229076358786262,0.000794876199509733
-0.0228409469823274,0.000795551411362452
-0.0227742580860287,0.000796241471840782
-0.0227088341131605,0.000796932310770257
-0.0227075691897299,0.000796945729244054
-0.0226408802934311,0.000797666695080984
-0.0225741913971324,0.000798400480268288
-0.0225075025008336,0.00079914643263756
-0.0224408136045348,0.00079990393416109
-0.0223741247082361,0.000800672405816991
-0.0223074358119373,0.000801451311506398
-0.0222407469156385,0.000802240160965711
-0.0221740580193398,0.000803038511635292
-0.022107369123041,0.00080384596946524
-0.0220406802267422,0.000804662188658106
-0.0219739913304435,0.000805486870367773
-0.0219073024341447,0.000806319760392361
-0.021858457097575,0.000806935645215071
-0.0218406135378459,0.000807161691378039
-0.0217739246415472,0.000808014339346227
-0.0217072357452484,0.000808874697895644
-0.0216405468489497,0.000809742649704395
-0.0215738579526509,0.000810618098141147
-0.0215071690563521,0.000811500960602256
-0.0214404801600534,0.000812391161523926
-0.0213737912637546,0.000813288625204942
-0.0213071023674558,0.000814193268577997
-0.0212404134711571,0.000815104994067722
-0.0211737245748583,0.000816023682670996
-0.0211077711683981,0.000816938979659888
-0.0211070356785595,0.0008169492346749
-0.0210403467822608,0.000817885691383719
-0.020973657885962,0.000818828590554004
-0.0209069689896632,0.000819777666256286
-0.0208402800933645,0.000820732603986071
-0.0207735911970657,0.000821693037480757
-0.0207069023007669,0.000822658546461172
-0.0206402134044682,0.000823628655342154
-0.0205735245081694,0.000824602832939292
-0.0205068356118706,0.000825580493181344
-0.0204401467155719,0.000826560996820127
-0.0204142687064365,0.000826942314104701
-0.0203734578192731,0.00082754643713268
-0.0203067689229743,0.00082853506681647
-0.0202400800266756,0.000829524339072127
-0.0201733911303768,0.000830513434301313
-0.020106702234078,0.000831501501560548
-0.0200400133377793,0.000832487665183156
-0.0199733244414805,0.000833471031907657
-0.0199066355451817,0.000834450698394696
-0.019839946648883,0.000835425759008441
-0.0197732577525842,0.00083639531373425
-0.0197351539409315,0.000836945648549515
-0.0197065688562854,0.000837360390287582
-0.0196398799599867,0.000838320728987683
-0.0195731910636879,0.000839272938382196
-0.0195065021673891,0.000840216214329872
-0.0194398132710904,0.000841149795587637
-0.0193731243747916,0.000842072969947177
-0.0193064354784928,0.000842985079680858
-0.0192397465821941,0.000843885526213052
-0.0191730576858953,0.000844773773946472
-0.0191063687895965,0.000845649353187868
-0.0190396798932978,0.000846511862133082
-0.019005348509439,0.000846948982994328
-0.018972990996999,0.000847362879889522
-0.0189063021007002,0.000848202195303435
-0.0188396132044015,0.000849027582453941
-0.0187729243081027,0.000849838910698593
-0.0187062354118039,0.000850636113179756
-0.0186395465155052,0.000851419183226766
-0.0185728576192064,0.000852188169981196
-0.0185061687229076,0.000852943173327429
-0.0184394798266089,0.00085368433822176
-0.0183727909303101,0.000854411848522618
-0.0183061020340113,0.000855125920432229
-0.0182394131377126,0.000855826795665609
-0.0181727242414138,0.000856514734466555
-0.018129508730103,0.000856952317439146
-0.018106035345115,0.000857191108236322
-0.0180393464488163,0.000857857059681269
-0.0179726575525175,0.000858510839480527
-0.0179059686562187,0.000859152714755625
-0.01783927975992,0.000859782938101348
-0.0177725908636212,0.000860401742115981
-0.0177059019673224,0.000861009334553644
-0.0176392130710237,0.000861605894178379
-0.0175725241747249,0.000862191567387128
-0.0175058352784261,0.0008627664656553
-0.0174391463821274,0.000863330663844247
-0.0173724574858286,0.000863884199395022
-0.0173057685895298,0.000864427072417539
-0.0172390796932311,0.000864959246668781
-0.0171723907969323,0.000865480651398516
-0.0171057019006335,0.000865991184026098
-0.0170390130043348,0.000866490713597706
-0.016975524183318,0.000866955651883959
-0.016972324108036,0.00086697919323979
-0.0169056352117372,0.000867458436617212
-0.0168389463154385,0.000867926106377765
-0.0167722574191397,0.000868382004900011
-0.0167055685228409,0.000868825932494473
-0.0166388796265422,0.000869257693852022
-0.0165721907302434,0.000869677104621185
-0.0165055018339446,0.000870083997996873
-0.0164388129376459,0.000870478231202794
-0.0163721240413471,0.000870859691751526
-0.0163054351450483,0.000871228303369926
-0.0162387462487496,0.000871584031483084
-0.0161720573524508,0.000871926888157543
-0.0161053684561521,0.000872256936413588
-0.0160386795598533,0.000872574293827042
-0.0159719906635545,0.000872879135353128
-0.0159053017672558,0.000873171695318034
-0.015838612870957,0.000873452268538076
-0.0157719239746582,0.000873721210541109
-0.0157052350783595,0.000873978936880112
-0.0156385461820607,0.000874225921544378
-0.0155718572857619,0.000874462694489121
-0.0155051683894632,0.000874689838319256
-0.0154384794931644,0.00087490798417769
-0.0153717905968656,0.000875117806901901
-0.0153051017005669,0.000875320019525154
-0.0152384128042681,0.000875515367209907
-0.0151717239079693,0.00087570462071053
-0.0151050350116706,0.000875888569470712
-0.0150383461153718,0.000876068014466937
-0.014971657219073,0.000876243760913881
-0.0149049683227743,0.000876416610949845
-0.0148382794264755,0.000876587356420683
-0.0147715905301767,0.000876756771878933
-0.014704901633878,0.000876925607911182
-0.0146917281006598,0.000876958986328776
-0.0146382127375792,0.000877095210810429
-0.0145715238412804,0.000877265796821474
-0.0145048349449817,0.000877437858378196
-0.0144381460486829,0.000877611996458591
-0.0143714571523841,0.000877788762872762
-0.0143047682560854,0.000877968657480261
-0.0142380793597866,0.000878152126279101
-0.0141713904634878,0.000878339560391585
-0.0141047015671891,0.000878531295956849
-0.0140380126708903,0.000878727614924075
-0.0139713237745915,0.00087892874672515
-0.0139046348782928,0.000879134870789996
-0.013837945981994,0.000879346119853511
-0.0137712570856952,0.000879562583989184
-0.0137045681893965,0.000879784315291965
-0.0136378792930977,0.000880011333121634
-0.0135711903967989,0.00088024362980827
-0.0135045015005002,0.000880481176713318
-0.0134378126042014,0.000880723930533696
-0.0133711237079026,0.000880971839732096
-0.0133044348116039,0.000881224850974579
-0.0132377459153051,0.00088148291545646
-0.0131710570190063,0.000881745994999622
-0.0131043681227076,0.000882014067808492
-0.0130376792264088,0.00088228713377809
-0.01297099033011,0.000882565219255651
-0.0129043014338113,0.000882848381167167
-0.0128376125375125,0.000883136710431558
-0.0127709236412137,0.000883430334598129
-0.012704234744915,0.000883729419656861
-0.0126375458486162,0.000884034170986065
-0.0125708569523174,0.00088434483341743
-0.0125041680560187,0.000884661690414408
-0.0124374791597199,0.000884985062375939
-0.0123707902634211,0.000885315304093174
-0.0123041013671224,0.000885652801402193
-0.0122374124708236,0.000885997967090188
-0.0121707235745248,0.000886351236125987
-0.0121040346782261,0.000886713060297996
-0.0120592089712036,0.00088696232077359
-0.0120373457819273,0.000887084464590065
-0.0119706568856285,0.00088746655022619
-0.0119039679893298,0.000887858631991196
-0.011837279093031,0.00088826116901925
-0.0117705901967322,0.000888674605076252
-0.0117039013004335,0.000889099361826886
-0.0116372124041347,0.000889535832285045
-0.0115705235078359,0.000889984374562696
-0.0115038346115372,0.000890445306026969
-0.0114371457152384,0.000890918897967977
-0.0113704568189396,0.000891405370870973
-0.0113037679226409,0.000891904890375752
-0.0112370790263421,0.00089241756399418
-0.0111703901300433,0.000892943438643429
-0.0111037012337446,0.000893482499038214
-0.0110370123374458,0.000894034666970406
-0.010970323441147,0.000894599801488827
-0.0109036345448483,0.000895177699976486
-0.0108369456485495,0.000895768100106875
-0.0107702567522508,0.00089637068264576
-0.0107056758120652,0.000896965655218403
-0.010703567855952,0.00089698516469676
-0.0106368789596532,0.000897613834785116
-0.0105701900633545,0.000898253479416297
-0.0105035011670557,0.000898903592523827
-0.0104368122707569,0.000899563635492778
-0.0103701233744582,0.000900233043611376
-0.0103034344781594,0.000900911232791919
-0.0102367455818606,0.000901597606446861
-0.0101700566855619,0.000902291562403582
-0.0101033677892631,0.000902992499741372
-0.0100366788929643,0.000903699825435904
-0.00996998999666555,0.000904412960700539
-0.00990330110036679,0.00090513134691967
-0.00983661220406802,0.000905854451076992
-0.00976992330776926,0.00090658177059118
-0.0097346007593251,0.00090696898966322
-0.00970323441147049,0.000907314429164197
-0.00963654551517172,0.000908052213363878
-0.00956985661887296,0.000908792939565089
-0.00950316772257419,0.000909536259092086
-0.00943647882627542,0.000910281866959325
-0.00936978992997666,0.000911029502014567
-0.00930310103367789,0.000911778946235738
-0.00923641213737913,0.000912530023204555
-0.00916972324108036,0.000913282595794245
-0.00910303434478159,0.000914036563122566
-0.00903634544848283,0.00091479185683392
-0.00896965655218406,0.000915548436785829
-0.0089029676558853,0.000916306286225257
-0.00884445561832787,0.000916972324108034
-0.00883627875958653,0.000917065836782274
-0.00876958986328776,0.000917829755765335
-0.008702900966989,0.000918594984917311
-0.00863621207069023,0.000919361546128907
-0.00856952317439146,0.000920129456425792
-0.0085028342780927,0.00092089872219951
-0.00843614538179393,0.000921669333661867
-0.00836945648549517,0.000922441259625228
-0.0083027675891964,0.000923214442704713
-0.00823607869289763,0.000923988795030479
-0.00816938979659887,0.00092476419454884
-0.0081027009003001,0.000925540481980241
-0.00803601200400133,0.000926317458490348
-0.00797955035480328,0.000926975658552851
-0.00796932310770257,0.000927095433905199
-0.0079026342114038,0.000927876612516869
-0.00783594531510503,0.000928657634122211
-0.00776925641880627,0.000929438132502755
-0.0077025675225075,0.000930217701785138
-0.00763587862620874,0.000930995898825988
-0.00756918972990997,0.000931772246329279
-0.0075025008336112,0.000932546236644703
-0.00743581193731244,0.000933317336183883
-0.00736912304101367,0.000934084990380778
-0.0073024341447149,0.000934848629113259
-0.00723574524841614,0.000935607672495233
-0.00716905635211737,0.000936361536942415
-0.00711401442540337,0.000936978992997665
-0.00710236745581861,0.000937110244766233
-0.00703567855951984,0.000937855443547686
-0.00696898966322107,0.000938593722661354
-0.00690230076692231,0.000939324543666623
-0.00683561187062354,0.000940047395330044
-0.00676892297432477,0.000940761799202616
-0.00670223407802601,0.00094146731476565
-0.00663554518172724,0.000942163544061324
-0.00656885628542848,0.00094285013573292
-0.00650216738912971,0.000943526788410083
-0.00643547849283094,0.000944193253385745
-0.00636878959653218,0.00094484933654365
-0.00630210070023341,0.000945494899508122
-0.00623541180393465,0.000946129860001173
-0.00616872290763588,0.000946754191405441
-0.00614393304986102,0.000946982327442482
-0.00610203401133711,0.000947369703866432
-0.00603534511503835,0.000947975700676225
-0.00596865621873958,0.000948571257706592
-0.00590196732244081,0.000949156552088013
-0.00583527842614205,0.000949731803613059
-0.00576858952984328,0.000950297270206227
-0.00570190063354451,0.000950853242932281
-0.00563521173724575,0.00095140004063036
-0.00556852284094698,0.000951938004267056
-0.00550183394464822,0.000952467491105767
-0.00543514504834945,0.000952988868792385
-0.00536845615205068,0.00095350250945813
-0.00530176725575192,0.000954008783939518
-0.00523507835945315,0.000954508056212947
-0.00516838946315438,0.00095500067813717
-0.00510170056685562,0.000955486984591169
-0.00503501167055685,0.000955967289087773
-0.00496832277425809,0.000956441879934802
-0.00490163387795932,0.000956911017005744
-0.0048909034494451,0.000956985661887292
-0.00483494498166055,0.00095737672212197
-0.00476825608536179,0.000957837718879179
-0.00470156718906302,0.000958293826360527
-0.00463487829276425,0.000958745172907607
-0.00456818939646549,0.000959191852634747
-0.00450150050016672,0.000959633926510532
-0.00443481160386796,0.000960071424152828
-0.00436812270756919,0.000960504346301227
-0.00430143381127042,0.000960932667919161
-0.00423474491497166,0.000961356341867002
-0.00416805601867289,0.000961775303077607
-0.00410136712237412,0.00096218947315709
-0.00403467822607536,0.000962598765326205
-0.00396798932977659,0.000963003089611806
-0.00390130043347783,0.000963402358193509
-0.00383461153717906,0.000963796490807914
-0.00376792264088029,0.000964185420111768
-0.00370123374458153,0.000964569096905976
-0.00363454484828276,0.000964947495124921
-0.00356785595198399,0.000965320616499318
-0.00350116705568523,0.00096568849480666
-0.00343447815938646,0.000966051199630252
-0.0033677892630877,0.000966408839556361
-0.00330110036678893,0.000966761564748735
-0.00325751743623834,0.000966988996332109
-0.00323441147049016,0.000967110125617963
-0.0031677225741914,0.00096745523322052
-0.00310103367789263,0.00096779612199125
-0.00303434478159386,0.000968133121585719
-0.0029676558852951,0.000968466605649682
-0.00290096698899633,0.000968796990028782
-0.00283427809269757,0.000969124730262345
-0.0027675891963988,0.000969450318399304
-0.00270090030010003,0.000969774279186134
-0.00263421140380127,0.000970097165687442
-0.0025675225075025,0.000970419554409851
-0.00250083361120373,0.000970742040008278
-0.00243414471490497,0.000971065229660994
-0.0023674558186062,0.000971389737205543
-0.00230076692230744,0.000971716177131745
-0.00223407802600867,0.000972045158530325
-0.0021673891297099,0.000972377279096586
-0.00210070023341114,0.000972713119287369
-0.00203401133711237,0.000973053236726945
-0.0019673224408136,0.000973398160953052
-0.00190063354451484,0.000973748388588341
-0.00183394464821607,0.000974104379015129
-0.00176725575191731,0.000974466550622455
-0.00170056685561854,0.000974835277684722
-0.00163387795931977,0.000975210887919962
-0.00156718906302101,0.00097559366076418
-0.00150050016672224,0.000975983826385767
-0.00143381127042347,0.000976381565451083
-0.00136712237412471,0.000976787009639478
-0.00133398751229811,0.000976992330776923
-0.00130043347782594,0.000977201199662837
-0.00123374458152718,0.000977624198110597
-0.00116705568522841,0.000978055055339428
-0.00110036678892964,0.000978493726352299
-0.00103367789263088,0.000978940129847193
-0.000966988996332111,0.000979394152511842
-0.000900300100033344,0.000979855653724835
-0.000833611203734578,0.000980324470576558
-0.000766922307435812,0.000980800423118087
-0.000700233411137046,0.000981283319742377
-0.000633544514838279,0.00098177296260017
-0.000566855618539513,0.000982269152952633
-0.000500166722240747,0.000982771696364285
-0.000433477825941981,0.000983280407642887
-0.000366788929643214,0.00098379511543779
-0.000300100033344448,0.000984315666414636
-0.000233411137045682,0.000984841928932203
-0.000166722240746916,0.000985373796156249
-0.000100033344448149,0.000985911188555676
-3.33444481493831e-05,0.000986454055737515
3.25280656229588e-05,0.00098699566522174
3.33444481493831e-05,0.000987002408552108
0.000100033344448149,0.000987558750121726
0.000166722240746916,0.000988120623118541
0.000233411137045682,0.000988688098125336
0.000300100033344448,0.000989261273602807
0.000366788929643214,0.00098984027353805
0.000433477825941981,0.000990425244475375
0.000500166722240747,0.000991016351984518
0.000566855618539513,0.00099161377663138
0.000633544514838279,0.000992217709525166
0.000700233411137046,0.000992828347523302
0.000766922307435812,0.000993445888181481
0.000833611203734578,0.000994070524540559
0.000900300100033344,0.000994702439844843
0.000966988996332111,0.000995341802287304
0.00103367789263088,0.000995988759876682
0.00110036678892964,0.000996643435519135
0.00113616017029969,0.000996998999666553
0.00116705568522841,0.000997307334212043
0.00123374458152718,0.000997980774561712
0.00130043347782594,0.000998662142568212
0.00136712237412471,0.000999351418920653
0.00143381127042347,0.00100004854053961
0.00150050016672224,0.00100075339855444
0.00156718906302101,0.00100146583695791
0.00163387795931977,0.00100218565196368
0.00170056685561854,0.00100291259207984
0.00176725575191731,0.00100364635889951
0.00183394464821607,0.00100438660859679
0.00190063354451484,0.00100513295410446
0.0019673224408136,0.00100588496793795
0.00203401133711237,0.00100664218561922
0.00206553365502082,0.00100700233411137
0.00210070023341114,0.00100740595770545
0.0021673891297099,0.00100817558681492
0.00223407802600867,0.00100894886440678
0.00230076692230744,0.00100972521956521
0.0023674558186062,0.001010504068112
0.00243414471490497,0.00101128481818689
0.00250083361120373,0.00101206687588581
0.0025675225075025,0.00101284965086485
0.00263421140380127,0.00101363256181829
0.00270090030010003,0.001014415041742
0.0027675891963988,0.00101519654289753
0.00283427809269757,0.00101597654139807
0.00290096698899633,0.0010167545413442
0.00292256149317055,0.00101700566855618
0.0029676558852951,0.00101753249501138
0.00303434478159386,0.00101830870055225
0.00310103367789263,0.00101908160625655
0.0031677225741914,0.00101985085660765
0.00323441147049016,0.00102061613630022
0.00330110036678893,0.00102137717070047
0.0033677892630877,0.00102213372562718
0.00343447815938646,0.00102288560646671
0.00350116705568523,0.00102363265664686
0.00356785595198399,0.00102437475550529
0.00363454484828276,0.0010251118155988
0.00370123374458153,0.00102584377950866
0.00376792264088029,0.00102657061620611
0.00380843272059141,0.001027009003001
0.00383461153717906,0.00102729362109214
0.00390130043347783,0.00102801349301132
0.00396798932977659,0.00102872823693405
0.00403467822607536,0.00102943788501258
0.00410136712237412,0.00103014247374389
0.00416805601867289,0.00103084203932274
0.00423474491497166,0.00103153661312638
0.00430143381127042,0.00103222621741331
0.00436812270756919,0.00103291086131469
0.00443481160386796,0.00103359053719113
0.00450150050016672,0.00103426521742094
0.00456818939646549,0.00103493485167815
0.00463487829276425,0.00103559936474966
0.00470156718906302,0.0010362586549312
0.00476825608536179,0.00103691259303183
0.00477851456956299,0.00103701233744581
0.00483494498166055,0.00103756354264858
0.00490163387795932,0.00103820923082994
0.00496832277425809,0.00103884898726716
0.00503501167055685,0.00103948257455838
0.00510170056685562,0.00104010973210913
0.00516838946315438,0.00104073017880572
0.00523507835945315,0.00104134361620432
0.00530176725575192,0.00104194973218199
0.00536845615205068,0.00104254820498805
0.00543514504834945,0.00104313870762716
0.00550183394464822,0.00104372091249994
0.00556852284094698,0.00104429449622258
0.00563521173724575,0.0010448591445436
0.00570190063354451,0.00104541455727468
0.00576858952984328,0.0010459604531517
0.00583527842614205,0.001046496574544
0.00590107746295868,0.00104701567189063
0.00590196732244081,0.00104702272424564
0.00596865621873958,0.00104754101553095
0.00603534511503835,0.00104804889726308
0.00610203401133711,0.00104854624698541
0.00616872290763588,0.00104903298469851
0.00623541180393465,0.00104950907517917
0.00630210070023341,0.00104997452971073
0.00636878959653218,0.00105042940719542
0.00643547849283094,0.00105087381462976
0.00650216738912971,0.00105130790693502
0.00656885628542848,0.00105173188614545
0.00663554518172724,0.00105214599996774
0.00670223407802601,0.00105255053973589
0.00676892297432477,0.00105294583779558
0.00683561187062354,0.00105333226436166
0.00690230076692231,0.00105371022390125
0.00696898966322107,0.00105408015110266
0.00703567855951984,0.00105444250649693
0.00710236745581861,0.00105479777180487
0.00716905635211737,0.00105514644508644
0.00723574524841614,0.00105548903577243
0.0073024341447149,0.00105582605966039
0.00736912304101367,0.00105615803395656
0.00743581193731244,0.00105648547244494
0.0075025008336112,0.0010568088808617
0.00754630949343187,0.00105701900633545
0.00756918972990997,0.00105712925667541
0.00763587862620874,0.001057447523675
0.0077025675225075,0.00105776317568211
0.00776925641880627,0.00105807664867453
0.00783594531510503,0.00105838835283204
0.0079026342114038,0.00105869867048158
0.00796932310770257,0.00105900795462893
0.00803601200400133,0.00105931652809542
0.0081027009003001,0.00105962468326799
0.00816938979659887,0.00105993268246004
0.00823607869289763,0.00106024075886979
0.0083027675891964,0.00106054911811252
0.00836945648549517,0.00106085794029317
0.00843614538179393,0.00106116738257601
0.0085028342780927,0.00106147758219965
0.00856952317439146,0.00106178865987777
0.00863621207069023,0.00106210072351923
0.008702900966989,0.00106241387219541
0.00876958986328776,0.00106272820027845
0.00883627875958653,0.00106304380167095
0.0089029676558853,0.00106336077404595
0.00896965655218406,0.00106367922301588
0.00903634544848283,0.00106399926615026
0.00910303434478159,0.00106432103676465
0.00916972324108036,0.00106464468740708
0.00923641213737913,0.00106497039297389
0.00930310103367789,0.00106529835339285
0.00936978992997666,0.00106562879581955
0.00943647882627542,0.00106596197630125
0.00950316772257419,0.00106629818087191
0.00956985661887296,0.00106663772605222
0.00963654551517172,0.0010669809587389
0.0096444917688165,0.00106702234078026
0.00970323441147049,0.00106732966300577
0.00976992330776926,0.00106768304690006
0.00983661220406802,0.00106804135313511
0.00990330110036679,0.00106840503884325
0.00996998999666555,0.00106877458212975
0.0100366788929643,0.00106915047855526
0.0101033677892631,0.00106953323719017
0.0101700566855619,0.0010699233763041
0.0102367455818606,0.00107032141876013
0.0103034344781594,0.00107072788718881
0.0103701233744582,0.00107114329902092
0.0104368122707569,0.00107156816146027
0.0105035011670557,0.00107200296647926
0.0105701900633545,0.00107244818591939
0.0106368789596532,0.00107290426677709
0.010703567855952,0.00107337162675224
0.0107702567522508,0.00107385065013178
0.0108369456485495,0.00107434168407569
0.0109036345448483,0.0010748450353646
0.010970323441147,0.00107536096766144
0.0110370123374458,0.00107588969932961
0.0111037012337446,0.00107643140184109
0.0111703901300433,0.00107698619879738
0.0111750252268379,0.00107702567522508
0.0112370790263421,0.00107755658956954
0.0113037679226409,0.00107814041936357
0.0113704568189396,0.00107873748756331
0.0114371457152384,0.00107934772882752
0.0115038346115372,0.00107997103408847
0.0115705235078359,0.00108060725314246
0.0116372124041347,0.00108125619772177
0.0117039013004335,0.00108191764499114
0.0117705901967322,0.0010825913414046
0.011837279093031,0.0010832770068527
0.0119039679893298,0.00108397433902535
0.0119706568856285,0.00108468301791227
0.0120373457819273,0.00108540271036102
0.0121040346782261,0.00108613307461219
0.0121707235745248,0.00108687376473203
0.0121845149323891,0.00108702900966989
0.0122374124708236,0.00108762716963479
0.0123041013671224,0.00108839097075589
0.0123707902634211,0.0010891641194528
0.0124374791597199,0.00108994629110329
0.0125041680560187,0.00109073717503115
0.0125708569523174,0.00109153647689417
0.0126375458486162,0.00109234392054808
0.012704234744915,0.00109315924935872
0.0127709236412137,0.00109398222694465
0.0128376125375125,0.00109481263734322
0.0129043014338113,0.0010956502846034
0.01297099033011,0.00109649499181923
0.013013070289961,0.0010970323441147
0.0130376792264088,0.00109734804253877
0.0131043681227076,0.00109821034768695
0.0131710570190063,0.00109907930822079
0.0132377459153051,0.00109995480289474
0.0133044348116039,0.00110083671751803
0.0133711237079026,0.00110172494143669
0.0134378126042014,0.00110261936379688
0.0135045015005002,0.00110351986966275
0.0135711903967989,0.00110442633606394
0.0136378792930977,0.00110533862804949
0.0137045681893965,0.00110625659482403
0.0137608303590995,0.00110703567855952
0.0137712570856952,0.00110718072765108
0.013837945981994,0.00110811376512717
0.0139046348782928,0.00110905191638291
0.0139713237745915,0.00110999493183795
0.0140380126708903,0.00111094253034461
0.0141047015671891,0.0011118943972183
0.0141713904634878,0.00111285018276899
0.0142380793597866,0.0011138095013649
0.0143047682560854,0.00111477193105006
0.0143714571523841,0.00111573701372777
0.0144381460486829,0.00111670425591212
0.014461187745516,0.00111703901300433
0.0145048349449817,0.00111767603319305
0.0145715238412804,0.00111865042067633
0.0146382127375792,0.00111962529374139
0.014704901633878,0.00112060003314183
0.0147715905301767,0.00112157399578052
0.0148382794264755,0.00112254651839774
0.0149049683227743,0.00112351692159162
0.014971657219073,0.00112448451410799
0.0150383461153718,0.0011254485973327
0.0151050350116706,0.00112640846991631
0.015149300925982,0.00112704234744915
0.0151717239079693,0.00112736490379658
0.0152384128042681,0.00112831861474085
0.0153051017005669,0.00112926601375526
0.0153717905968656,0.00113020643174614
0.0154384794931644,0.00113113921952791
0.0155051683894632,0.00113206375177403
0.0155718572857619,0.00113297943062543
0.0156385461820607,0.00113388568890437
0.0157052350783595,0.00113478199288924
0.0157719239746582,0.00113566784461312
0.015838612870957,0.00113654278365768
0.0158774477415114,0.00113704568189396
0.0159053017672558,0.00113740804235172
0.0159719906635545,0.00113826383686891
0.0160386795598533,0.00113910751723521
0.0161053684561521,0.00113993877897516
0.0161720573524508,0.00114075735638155
0.0162387462487496,0.00114156302118052
0.0163054351450483,0.0011423555807383
0.0163721240413471,0.0011431348758502
0.0164388129376459,0.00114390077815901
0.0165055018339446,0.00114465318725582
0.0165721907302434,0.00114539202752127
0.0166388796265422,0.00114611724476901
0.0167055685228409,0.00114682880275615
0.0167266128613942,0.00114704901633878
0.0167722574191397,0.00114752886647409
0.0168389463154385,0.00114821618290627
0.0169056352117372,0.00114888974012401
0.016972324108036,0.00114954953853812
0.0170390130043348,0.00115019557940196
0.0171057019006335,0.0011508278618787
0.0171723907969323,0.0011514463804136
0.0172390796932311,0.00115205112245936
0.0173057685895298,0.00115264206659575
0.0173724574858286,0.00115321918107833
0.0174391463821274,0.00115378242284266
0.0175058352784261,0.00115433173698289
0.0175725241747249,0.00115486705671501
0.0176392130710237,0.00115538830382668
0.0177059019673224,0.00115589538960697
0.0177725908636212,0.00115638821624102
0.01783927975992,0.00115686667864659
0.017865966376525,0.00115705235078359
0.0179059686562187,0.00115733194031584
0.0179726575525175,0.00115778339852178
0.0180393464488163,0.00115822009129858
0.018106035345115,0.00115864190999501
0.0181727242414138,0.00115904875320233
0.0182394131377126,0.00115944053038825
0.0183061020340113,0.00115981716563451
0.0183727909303101,0.00116017860141384
0.0184394798266089,0.00116052480234105
0.0185061687229076,0.00116085575883325
0.0185728576192064,0.0011611714906154
0.0186395465155052,0.0011614720500098
0.0187062354118039,0.00116175752495164
0.0187729243081027,0.00116202804167672
0.0188396132044015,0.00116228376703306
0.0189063021007002,0.00116252491037407
0.018972990996999,0.00116275172499764
0.0190396798932978,0.00116296450910312
0.0191063687895965,0.00116316360624563
0.0191730576858953,0.00116334940527601
0.0192397465821941,0.00116352233976234
0.0193064354784928,0.00116368288689822
0.0193731243747916,0.00116383156591086
0.0194398132710904,0.00116396893599065
0.0195065021673891,0.00116409559377138
0.0195731910636879,0.00116421217039801
0.0196398799599867,0.00116431932822535
0.0197065688562854,0.00116441775719734
0.0197732577525842,0.00116450817096142
0.019839946648883,0.00116459130277727
0.0199066355451817,0.00116466790128212
0.0199733244414805,0.00116473872617706
0.0200400133377793,0.00116480454390028
0.020106702234078,0.00116486612335276
0.0201733911303768,0.00116492423174114
0.0202400800266756,0.00116497963060012
0.0203067689229743,0.00116503307205369
0.0203734578192731,0.00116508529536992
0.0204401467155719,0.00116513702385915
0.0205068356118706,0.00116518896215909
0.0205735245081694,0.00116524179394361
0.0206402134044682,0.00116529618008453
0.0207069023007669,0.00116535275728778
0.0207735911970657,0.00116541213721672
0.0208402800933645,0.0011654749061072
0.0209069689896632,0.00116554162486979
0.020973657885962,0.00116561282966635
0.0210403467822608,0.00116568903293945
0.0211070356785595,0.00116577072486535
0.0211737245748583,0.00116585837519331
0.0212404134711571,0.00116595243542747
0.0213071023674558,0.00116605334130113
0.0213737912637546,0.00116616151548799
0.0214404801600534,0.00116627737049075
0.0215071690563521,0.0011664013116439
0.0215738579526509,0.00116653374016567
0.0216405468489497,0.00116667505619294
0.0217072357452484,0.00116682566173303
0.0217739246415472,0.00116698596346794
0.0218012088384945,0.00116705568522841
0.0218406135378459,0.00116715683701902
0.0219073024341447,0.00116733861233938
0.0219739913304435,0.00116753140689417
0.0220406802267422,0.00116773567108401
0.022107369123041,0.00116795186982573
0.0221740580193398,0.00116818048333496
0.0222407469156385,0.00116842200743611
0.0223074358119373,0.00116867695338208
0.0223741247082361,0.00116894584717519
0.0224408136045348,0.00116922922839001
0.0225075025008336,0.00116952764850781
0.0225741913971324,0.00116984166878132
0.0226408802934311,0.00117017185765706
0.0227075691897299,0.00117051878779106
0.0227742580860287,0.00117088303270091
0.0228409469823274,0.00117126516310402
0.0229076358786262,0.00117166574299825
0.022974324774925,0.0011720853255454
0.0230410136712237,0.00117252444882226
0.0231077025675225,0.00117298363150657
0.0231743914638213,0.00117346336856659
0.02324108036012,0.00117396412702328
0.0233077692564188,0.00117448634185301
0.0233744581527176,0.00117503041209674
0.0234411470490163,0.0011755966972378
0.0235078359453151,0.00117618551390642
0.0235745248416139,0.00117679713296314
0.0236020437727921,0.00117705901967322
0.0236412137379126,0.00117743348148543
0.0237079026342114,0.0011780943305642
0.0237745915305102,0.00117877860375786
0.0238412804268089,0.00117948636916757
0.0239079693231077,0.00118021764133218
0.0239746582194065,0.00118097238126941
0.0240413471157052,0.00118175049704808
0.024108036012004,0.00118255184487775
0.0241747249083028,0.00118337623069304
0.0242414138046015,0.00118422341220199
0.0243081027009003,0.00118509310135972
0.0243747915971991,0.0011859849672219
0.0244414804934978,0.0011868986391261
0.0244531560009239,0.00118706235411804
0.0245081693897966,0.00118783723714375
0.0245748582860954,0.00118879763993968
0.0246415471823941,0.00118977862858001
0.0247082360786929,0.00119077970757796
0.0247749249749917,0.00119180036029985
0.0248416138712904,0.00119284005282906
0.0249083027675892,0.00119389823771293
0.024974991663888,0.00119497435753126
0.0250416805601867,0.00119606784822845
0.0251016147492791,0.00119706568856285
0.0251083694564855,0.00119717865652268
0.0251750583527843,0.00119831033810177
0.025241747249083,0.00119945775912465
0.0253084361453818,0.00120062035305383
0.0253751250416806,0.00120179755822334
0.0254418139379793,0.00120298881889716
0.0255085028342781,0.00120419358587116
0.0255751917305769,0.00120541131661967
0.0256418806268756,0.00120664147499664
0.0256648365952835,0.00120706902300767
0.0257085695231744,0.00120788725345753
0.0257752584194732,0.00120914640825423
0.0258419473157719,0.0012104164594098
0.0259086362120707,0.0012116968826216
0.0259753251083695,0.00121298715273092
0.0260420140046682,0.00121428674138497
0.026108702900967,0.00121559511452223
0.0261753917972658,0.00121691172973936
0.0261834807401525,0.00121707235745248
0.0262420806935645,0.00121824134448612
0.0263087695898633,0.00121957884458124
0.0263754584861621,0.00122092291071952
0.0264421473824608,0.00122227293791417
0.0265088362787596,0.00122362829996166
0.0265755251750584,0.00122498834733818
0.0266422140713571,0.00122635240537775
0.0266774901678637,0.0012270756918973
0.0267089029676559,0.00122772270852235
0.0267755918639547,0.00122909889973739
0.0268422807602534,0.00123047692118815
0.0269089696565522,0.00123185598318632
0.0269756585528509,0.00123323526721481
0.0270423474491497,0.00123461392648282
0.0271090363454485,0.00123599108692877
0.0271618115721489,0.00123707902634211
0.0271757252417472,0.0012373671552255
0.027242414138046,0.0012387448419812
0.0273091030343448,0.00124011824186089
0.0273757919306435,0.0012414863861908
0.0274424808269423,0.00124284829016966
0.0275091697232411,0.00124420295618122
0.0275758586195398,0.00124554937736763
0.0276425475158386,0.00124688654141445
0.0276523891494771,0.00124708236078693
0.0277092364121374,0.00124821858800913
0.0277759253084361,0.00124954019439108
0.0278426142047349,0.00125084945921887
0.0279093031010337,0.00125214538398497
0.0279759919973324,0.00125342698494267
0.0280426808936312,0.00125469329703135
0.02810936978993,0.00125594337763113
0.0281711573526049,0.00125708569523174
0.0281760586862287,0.00125717672309921
0.0282427475825275,0.00125839715772347
0.0283094364788263,0.00125959861627542
0.028376125375125,0.00126078027445504
0.0284428142714238,0.00126194134521252
0.0285095031677226,0.00126308108063131
0.0285761920640213,0.00126419877340261
0.0286428809603201,0.00126529375788206
0.0287095698566189,0.00126636541072651
0.0287556288988594,0.00126708902967656
0.0287762587529176,0.00126741462815091
0.0288429476492164,0.00126844258056117
0.0289096365455152,0.0012694454711927
0.0289763254418139,0.00127042284197285
0.0290430143381127,0.00127137427461449
0.0291097032344115,0.0012722993890478
0.0291763921307102,0.00127319784158985
0.029243081027009,0.00127406932289494
0.0293097699233078,0.00127491355573118
0.0293764588196065,0.00127573029263149
0.0294431477159053,0.00127651931346822
0.0294933596064452,0.00127709236412137
0.0295098366122041,0.00127728127898396
0.0295765255085028,0.0012780176406269
0.0296432144048016,0.00127872563658333
0.0297099033011004,0.00127940513154255
0.0297765921973991,0.00128005600606792
0.0298432810936979,0.00128067815471192
0.0299099699899967,0.00128127148437273
0.0299766588862954,0.00128183591292483
0.0300433477825942,0.0012823713681513
0.030110036678893,0.00128287778699989
0.0301767255751917,0.00128335511517927
0.0302434144714905,0.00128380330710568
0.0303101033677893,0.00128422232620415
0.030376792264088,0.0012846121455622
0.0304434811603868,0.00128497274892754
0.0305101700566856,0.00128530413203584
0.0305768589529843,0.00128560630424793
0.0306435478492831,0.00128587929047135
0.0307102367455819,0.00128612313333525
0.0307769256418806,0.00128633789558371
0.0308436145381794,0.00128652366264806
0.0309103034344782,0.00128668054535592
0.0309769923307769,0.00128680868273144
0.0310436812270757,0.00128690824483971
0.0311103701233745,0.00128697943562674
0.0311770590196732,0.00128702249570621
0.031243747915972,0.0012870377050444
0.0313104368122708,0.0012870253854957
0.0313771257085695,0.0012869859031433
0.0314438146048683,0.00128691967040188
0.0315105035011671,0.00128682714784269
0.0315771923974658,0.00128670884570528
0.0316438812937646,0.00128656532506476
0.0317105701900634,0.00128639719862833
0.0317772590863621,0.00128620513114068
0.0318439479826609,0.0012859898393835
0.0319106368789597,0.00128575209176055
0.0319773257752584,0.0012854927074661
0.0320440146715572,0.001285212555241
0.032110703567856,0.00128491255172683
0.0321773924641547,0.00128459365943518
0.0322440813604535,0.00128425688435452
0.0323107702567522,0.00128390327322349
0.032377459153051,0.00128353391050409
0.0324441480493498,0.00128314991509319
0.0325108369456485,0.00128275243681488
0.0325775258419473,0.00128234265273952
0.0326442147382461,0.00128192176337801
0.0327109036345448,0.00128149098880164
0.0327775925308436,0.00128105156473893
0.0328442814271424,0.00128060473870103
0.0329109703234411,0.00128015176618652
0.0329776592197399,0.00127969390701473
0.0330443481160387,0.00127923242183451
0.0331110370123374,0.00127876856885195
0.0331777259086362,0.00127830360081654
0.033244414804935,0.00127783876230058
0.0333111037012337,0.00127737528730132
0.0333520416565819,0.00127709236412137
0.0333777925975325,0.0012769152056865
0.0334444814938313,0.00127646018424459
0.03351117039013,0.00127601012380191
0.0335778592864288,0.00127556619394734
0.0336445481827276,0.00127512954721043
0.0337112370790263,0.0012747013188623
0.0337779259753251,0.00127428262706241
0.0338446148716239,0.00127387457332804
0.0339113037679226,0.00127347824329669
0.0339779926642214,0.00127309470774626
0.0340446815605202,0.00127272502383281
0.0341113704568189,0.00127237023650123
0.0341780593531177,0.00127203138002074
0.0342447482494165,0.00127170947959447
0.0343114371457152,0.00127140555299053
0.034378126042014,0.00127112061214136
0.0344448149383128,0.00127085566465812
0.0345115038346115,0.0012706117152084
0.0345781927309103,0.00127038976670753
0.0346448816272091,0.00127019082127688
0.0347115705235078,0.00127001588092695
0.0347782594198066,0.0012698659479275
0.0348449483161054,0.00126974202483301
0.0349116372124041,0.00126964511413797
0.0349783261087029,0.00126957621754334
0.0350450150050017,0.0012695363348229
0.0351117039013004,0.00126952646228578
0.0351783927975992,0.0012695475908391
0.035245081693898,0.00126960070366265
0.0353117705901967,0.00126968677351478
0.0353784594864955,0.00126980675969619
0.0354451483827943,0.00126996160470518
0.035511837279093,0.00127015223062403
0.0355785261753918,0.00127037953528197
0.0356452150716906,0.00127064438824494
0.0357119039679893,0.00127094762668609
0.0357785928642881,0.00127129005119431
0.0358452817605869,0.00127167242157941
0.0359119706568856,0.00127209545273399
0.0359786595531844,0.0012725598106113
0.0360453484494832,0.00127306610837748
0.0361120373457819,0.00127361490279374
0.0361787262420807,0.00127420669088102
0.0362454151383795,0.00127484190691511
0.0363121040346782,0.0012755209197949
0.036378792930977,0.00127624403082066
0.0364454818272758,0.0012770114719122
0.0364521255800042,0.00127709236412137
0.0365121707235745,0.00127782673703459
0.0365788596198733,0.00127868715470978
0.0366455485161721,0.00127959237412026
0.0367122374124708,0.0012805423411749
0.0367789263087696,0.00128153693030465
0.0368456152050684,0.00128257594552716
0.0369123041013671,0.00128365912194905
0.0369789929976659,0.00128478612767538
0.0370456818939647,0.00128595656608903
0.0371082880215013,0.00128709569856619
0.0371123707902634,0.00128717031692643
0.0371790596865622,0.00128843190805189
0.037245748582861,0.00128973557233647
0.0373124374791597,0.00129108068006532
0.0373791263754585,0.00129246655183397
0.0374458152717572,0.00129389246202593
0.037512504168056,0.00129535764229444
0.0375791930643548,0.00129686128499297
0.0375894794131967,0.001297099033011
0.0376458819606535,0.00129840848515494
0.0377125708569523,0.00129999367830567
0.0377792597532511,0.00130161487070158
0.0378459486495498,0.00130327112445937
0.0379126375458486,0.00130496147688436
0.0379793264421474,0.0013066849426304
0.0379951823052682,0.00130710236745582
0.0380460153384461,0.00130844660854229
0.0381127042347449,0.0013102413972978
0.0381793931310437,0.00131206635931263
0.0382460820273424,0.00131392042828739
0.0383127709236412,0.00131580252088849
0.0383582950732574,0.00131710570190063
0.03837945981994,0.00131771429292869
0.0384461487162387,0.00131965791526491
0.0385128376125375,0.00132162631837124
0.0385795265088363,0.00132361834354565
0.038646215405135,0.00132563281284528
0.0386945752187081,0.00132710903634545
0.0387129043014338,0.00132767107021527
0.0387795931977326,0.00132973615022498
0.0388462820940313,0.00133182009560038
0.0389129709903301,0.00133392163364011
0.0389796598866289,0.00133603946609861
0.0390132072776426,0.00133711237079026
0.0390463487829276,0.00133817707774142
0.0391130376792264,0.00134033323398721
0.0391797265755252,0.00134250167715588
0.0392464154718239,0.0013446809894813
0.0393131043681227,0.00134686972289621
0.0393205719866915,0.00134711570523508
0.0393797932644215,0.00134907524065662
0.0394464821607202,0.00135128833347801
0.039513171057019,0.00135350634021362
0.0395798599533178,0.00135572768520181
0.0396215979943471,0.00135711903967989
0.0396465488496165,0.001357954531038
0.0397132377459153,0.00136018778028221
0.0397799266422141,0.00136241946693757
0.0398466155385128,0.00136464790342216
0.0399133044348116,0.00136687138103694
0.0399208549943751,0.00136712237412471
0.0399799933311104,0.00136909707013461
0.0400466822274091,0.00137131542853999
0.0401133711237079,0.00137352355795763
0.0401800600200067,0.0013757196873889
0.0402230251512338,0.00137712570856952
0.0402467489163054,0.00137790555318897
0.0403134378126042,0.00138008215702106
0.040380126708903,0.00138224135511368
0.0404468156052017,0.0013843813715441
0.0405135045015005,0.00138650044100026
0.0405335011027981,0.00138712904301434
0.0405801933977993,0.00138860345195909
0.040646882294098,0.00139068476659026
0.0407135711903968,0.0013927398239393
0.0407802600866956,0.00139476693228834
0.0408469489829943,0.00139676442938415
0.0408594286150589,0.00139713237745915
0.0409136378792931,0.00139873791357367
0.0409803267755919,0.00140068007902404
0.0410470156718906,0.00140258769924583
0.0411137045681894,0.00140445925266378
0.0411803934644882,0.001406293260869
0.0412116927367232,0.00140713571190397
0.0412470823607869,0.00140809259649561
0.0413137712570857,0.00140985519217425
0.0413804601533845,0.00141157589412228
0.0414471490496832,0.00141325340553377
0.041513837945982,0.00141488647888434
0.0415805268422808,0.00141647391618815
0.0416093188721549,0.00141713904634878
0.0416472157385795,0.00141801852423616
0.0417139046348783,0.00141951803652941
0.0417805935311771,0.00142096839291321
0.0418472824274758,0.0014223685864641
0.0419139713237746,0.00142371765771328
0.0419806602200734,0.00142501469365322
0.0420473491163721,0.00142625882664635
0.04209684882319,0.00142714238079359
0.0421140380126709,0.00142745061841649
0.0421807269089697,0.00142859164556589
0.0422474158052684,0.00142967717781719
0.0423141047015672,0.00143070651439503
0.042380793597866,0.00143167899440334
0.0424474824941647,0.00143259399587087
0.0425141713904635,0.00143345093493262
0.0425808602867623,0.0014342492651732
0.042647549183061,0.00143498847715487
0.0427142380793598,0.00143566809814973
0.0427809269756586,0.00143628769209166
0.0428476158719573,0.00143684685975974
0.0428876081147549,0.00143714571523841
0.0429143047682561,0.0014373461397818
0.0429809936645549,0.00143778538100993
0.0430476825608536,0.00143816294818874
0.0431143714571524,0.00143847859498006
0.0431810603534512,0.00143873211656445
0.0432477492497499,0.00143892335124108
0.0433144381460487,0.00143905218223017
0.0433811270423475,0.00143911853965836
0.0434478159386462,0.00143912240270429
0.043514504834945,0.00143906380187843
0.0435811937312438,0.00143894282140928
0.0436478826275425,0.00143875960170517
0.0437145715238413,0.00143851434186007
0.04378126042014,0.00143820730216969
0.0438479493164388,0.001437838806624
0.0439146382127376,0.00143740924534151
0.0439504946052683,0.00143714571523841
0.0439813271090363,0.00143692009870151
0.0440480160053351,0.00143637233401783
0.0441147049016339,0.00143576536293697
0.0441813937979326,0.00143509985917758
0.0442480826942314,0.00143437657234731
0.0443147715905302,0.00143359632933751
0.0443814604868289,0.00143276003545029
0.0444481493831277,0.00143186867523736
0.0445148382794265,0.00143092331303344
0.0445815271757252,0.00142992509317095
0.044648216072024,0.00142887523986653
0.0447149049683228,0.00142777505677429
0.0447516244687483,0.00142714238079359
0.0447815938646215,0.00142662826136724
0.0448482827609203,0.00142543705485587
0.0449149716572191,0.00142420010601427
0.0449816605535178,0.00142291901786533
0.0450483494498166,0.00142159546543972
0.0451150383461154,0.00142023119347749
0.0451817272424141,0.00141882801388002
0.0452484161387129,0.00141738780293948
0.0452596621740235,0.00141713904634878
0.0453151050350117,0.00141591805219646
0.0453817939313104,0.00141441648147378
0.0454484828276092,0.00141288400638149
0.045515171723908,0.00141132272028361
0.0455818606202067,0.00140973476467301
0.0456485495165055,0.00140812232577444
0.0456888011849356,0.00140713571190397
0.0457152384128043,0.00140649056889879
0.045781927309103,0.00140484338616567
0.0458486162054018,0.00140317859595556
0.0459153051017006,0.00140149851992369
0.0459819939979993,0.00139980550828377
0.0460486828942981,0.00139810193700506
0.0460864579605847,0.00139713237745915
0.0461153717905969,0.00139639357362044
0.0461820606868956,0.00139468389785985
0.0462487495831944,0.00139297093740989
0.0463154384794932,0.00139125713616401
0.0463821273757919,0.00138954495271866
0.0464488162720907,0.00138783685883803
0.0464765584927164,0.00138712904301434
0.0465155051683895,0.00138613985451642
0.0465821940646882,0.00138445509564741
0.046648882960987,0.00138278185836929
0.0467155718572858,0.00138112264408605
0.0467822607535845,0.00137947996230963
0.0468489496498833,0.00137785633003671
0.0468793627959857,0.00137712570856952
0.0469156385461821,0.0013762582373438
0.0469823274424808,0.00137468746545784
0.0470490163387796,0.0013731432137372
0.0471157052350784,0.0013716280112908
0.0471823941313771,0.00137014439141382
0.0472490830276759,0.00136869489063369
0.0473157719239747,0.00136728204755557
0.0473235234456516,0.00136712237412471
0.0473824608202734,0.00136591393262299
0.0474491497165722,0.00136458809073067
0.047515838612871,0.0013633063178393
0.0475825275091697,0.00136207113217221
0.0476492164054685,0.00136088504411709
0.0477159053017673,0.00135975055323882
0.047782594198066,0.0013586701449231
0.0478492830943648,0.00135764628665024
0.0478857235486842,0.00135711903967989
0.0479159719906636,0.00135668341798185
0.0479826608869623,0.00135578408580364
0.0480493497832611,0.00135494826423903
0.0481160386795599,0.00135417829410658
0.0481827275758586,0.00135347647486284
0.0482494164721574,0.00135284505906447
0.0483161053684562,0.00135228624664911
0.0483827942647549,0.00135180217908522
0.0484494831610537,0.00135139493344505
0.0485161720573525,0.00135106651645801
0.0485828609536512,0.0013508188586032
0.04864954984995,0.00135065380830139
0.0487162387462487,0.00135057312626591
0.0487829276425475,0.00135057848007117
0.0488496165388463,0.00135067143899493
0.048916305435145,0.00135085346918733
0.0489829943314438,0.00135112592921519
0.0490496832277426,0.00135149006602529
0.0491163721240413,0.00135194701136389
0.0491830610203401,0.00135249777868388
0.0492497499166389,0.00135314326056309
0.0493164388129376,0.00135388422665033
0.0493831277092364,0.00135472132214756
0.0494498166055352,0.00135565506682901
0.0495165055018339,0.00135668585458987
0.0495421104788551,0.00135711903967989
0.0495831943981327,0.00135781712083052
0.0496498832944315,0.0013590482587426
0.0497165721907302,0.00136037731236069
0.049783261087029,0.00136180417697415
0.0498499499833278,0.00136332862635002
0.0499166388796265,0.00136495031491317
0.0499833277759253,0.00136666878022169
0.049999994571141,0.00136712237412471
