-0.0499833277759253,0.000657536315771372
-0.0499166388796265,0.000656917195765839
-0.0499127676096923,0.000656885628542846
-0.0498499499833278,0.000656375873486225
-0.049783261087029,0.000655910462093377
-0.0497165721907302,0.000655521638395817
-0.0496498832944315,0.000655210119949776
-0.0495831943981327,0.000654976493895317
-0.0495165055018339,0.000654821207613585
-0.0494498166055352,0.000654744560547346
-0.0493831277092364,0.000654746697348274
-0.0493164388129376,0.000654827602490736
-0.0492497499166389,0.00065498709646531
-0.0491830610203401,0.000655224833636801
-0.0491163721240413,0.000655540301821093
-0.0490496832277426,0.000655932823604042
-0.0489829943314438,0.000656401559393863
-0.0489236466098943,0.000656885628542846
-0.048916305435145,0.000656945818934057
-0.0488496165388463,0.000657567007652394
-0.0487829276425475,0.000658261349271909
-0.0487162387462487,0.000659027411995878
-0.04864954984995,0.00065986364000782
-0.0485828609536512,0.000660768365097541
-0.0485161720573525,0.000661739819167499
-0.0484494831610537,0.000662776147411868
-0.0483827942647549,0.000663875421949898
-0.0483161053684562,0.000665035655688656
-0.0482494164721574,0.000666254816188009
-0.0482162739320717,0.000666888962987663
-0.0481827275758586,0.000667534142022566
-0.0481160386795599,0.000668871796040956
-0.0480493497832611,0.000670262416761347
-0.0479826608869623,0.000671703910055127
-0.0479159719906636,0.00067319419814319
-0.0478492830943648,0.000674731229191449
-0.047782594198066,0.000676312985610547
-0.0477588119267186,0.000676892297432476
-0.0477159053017673,0.000677942877814566
-0.0476492164054685,0.000679616785537134
-0.0475825275091697,0.000681329832877134
-0.047515838612871,0.000683080182518139
-0.0474491497165722,0.000684866051131271
-0.0473824608202734,0.000686685708805442
-0.0473749002868162,0.000686895631877293
-0.0473157719239747,0.000688545934994354
-0.0472490830276759,0.000690437874992113
-0.0471823941313771,0.000692358851030405
-0.0471157052350784,0.000694307305472784
-0.0470490163387796,0.000696281712732863
-0.0470284215583681,0.000696898966322107
-0.0469823274424808,0.000698287678548454
-0.0469156385461821,0.000700319898777109
-0.0468489496498833,0.000702373714745433
-0.0467822607535845,0.000704447645133125
-0.0467155718572858,0.000706540201597939
-0.04670412510907,0.000706902300766921
-0.046648882960987,0.000708658852030319
-0.0465821940646882,0.00071079502973387
-0.0465155051683895,0.000712945311828331
-0.0464488162720907,0.000715108099187419
-0.046393666794706,0.000716905635211734
-0.0463821273757919,0.000717283679481052
-0.0463154384794932,0.000719477695996411
-0.0462487495831944,0.000721679186738766
-0.0461820606868956,0.000723886356553189
-0.0461153717905969,0.000726097357643397
-0.0460909141222844,0.000726908969656551
-0.0460486828942981,0.000728317465808663
-0.0459819939979993,0.00073054170714482
-0.0459153051017006,0.000732763916490281
-0.0458486162054018,0.000734982041274963
-0.0457904208987687,0.000736912304101365
-0.045781927309103,0.000737195431907058
-0.0457152384128043,0.000739410361550484
-0.0456485495165055,0.000741614786409463
-0.0455818606202067,0.000743806528116358
-0.045515171723908,0.000745983399310189
-0.0454863898000712,0.000746915638546182
-0.0454484828276092,0.000748149500701647
-0.0453817939313104,0.000750301046394772
-0.0453151050350117,0.000752431095542142
-0.0452484161387129,0.000754537512844267
-0.0451817272424141,0.00075661820450777
-0.0451719585091967,0.000756918972990996
-0.0451150383461154,0.000758680109135397
-0.0450483494498166,0.000760713656693672
-0.0449816605535178,0.000762715386307401
-0.0449149716572191,0.000764683458721381
-0.0448482827609203,0.000766616123019959
-0.0448375126012288,0.000766922307435813
-0.0447815938646215,0.000768519873637556
-0.0447149049683228,0.000770386379032761
-0.044648216072024,0.000772212614799333
-0.0445815271757252,0.000773997238395506
-0.0445148382794265,0.000775739022264291
-0.044468231288828,0.000776925641880626
-0.0444481493831277,0.000777439476029565
-0.0443814604868289,0.000779100835903155
-0.0443147715905302,0.000780716137402163
-0.0442480826942314,0.000782284615381834
-0.0441813937979326,0.000783805618112142
-0.0441147049016339,0.000785278603507415
-0.0440480160053351,0.000786703134386292
-0.0440370690752934,0.00078692897632544
-0.0439813271090363,0.000788084755206119
-0.0439146382127376,0.000789418238008662
-0.0438479493164388,0.000790702267071343
-0.04378126042014,0.000791936761217687
-0.0437145715238413,0.000793121710029708
-0.0436478826275425,0.000794257165522934
-0.0435811937312438,0.000795343233675217
-0.043514504834945,0.000796380065945131
-0.0434772217743778,0.000796932310770257
-0.0434478159386462,0.000797370071808318
-0.0433811270423475,0.000798313812312232
-0.0433144381460487,0.000799208711060554
-0.0432477492497499,0.00080005502294136
-0.0431810603534512,0.000800853010330299
-0.0431143714571524,0.000801602937109767
-0.0430476825608536,0.000802305063476021
-0.0429809936645549,0.000802959641606577
-0.0429143047682561,0.000803566912245899
-0.0428476158719573,0.000804127102252357
-0.0427809269756586,0.000804640423133752
-0.0427142380793598,0.000805107070582794
-0.042647549183061,0.000805527225007796
-0.0425808602867623,0.000805901053037991
-0.0425141713904635,0.000806228709967174
-0.0424474824941647,0.000806510343084534
-0.042380793597866,0.000806746095827157
-0.0423142687856273,0.000806935645215071
-0.0423141047015672,0.000806936115055523
-0.0422474158052684,0.000807081282555556
-0.0421807269089697,0.000807180797978737
-0.0421140380126709,0.000807234845116872
-0.0420473491163721,0.000807243633963254
-0.0419806602200734,0.000807207407821862
-0.0419139713237746,0.00080712645048926
-0.0418472824274758,0.000807001093378885
-0.0418215143202924,0.000806935645215071
-0.0417805935311771,0.00080683224983879
-0.0417139046348783,0.000806620393193651
-0.0416472157385795,0.000806365703353853
-0.0415805268422808,0.000806068764852164
-0.041513837945982,0.000805730239713592
-0.0414471490496832,0.000805350871620925
-0.0413804601533845,0.000804931489230968
-0.0413137712570857,0.000804473008566174
-0.0412470823607869,0.00080397643442064
-0.0411803934644882,0.000803442860734527
-0.0411137045681894,0.000802873469907266
-0.0410470156718906,0.000802269531036767
-0.0409803267755919,0.000801632397089086
-0.0409136378792931,0.00080096350102051
-0.0408469489829943,0.000800264350891367
-0.0407802600866956,0.000799536524027686
-0.0407135711903968,0.000798781660303228
-0.040646882294098,0.000798001454629449
-0.0405801933977993,0.000797197648755147
-0.0405587598872574,0.000796932310770257
-0.0405135045015005,0.000796374864439935
-0.0404468156052017,0.000795533514285704
-0.040380126708903,0.000794674070805908
-0.0403134378126042,0.000793798362271867
-0.0402467489163054,0.000792908216852513
-0.0401800600200067,0.000792005453015464
-0.0401133711237079,0.000791091870181514
-0.0400466822274091,0.000790169239774236
-0.0399799933311104,0.000789239296800549
-0.0399133044348116,0.000788303732090389
-0.0398466155385128,0.00078736418531299
-0.0398158022379754,0.00078692897632544
-0.0397799266422141,0.000786424805476124
-0.0397132377459153,0.000785486755227231
-0.0396465488496165,0.000784549277036163
-0.0395798599533178,0.000783613748520569
-0.039513171057019,0.000782681476342671
-0.0394464821607202,0.000781753695517411
-0.0393797932644215,0.000780831569873528
-0.0393131043681227,0.000779916193645672
-0.0392464154718239,0.000779008594155719
-0.0391797265755252,0.000778109735521727
-0.0391130376792264,0.000777220523314511
-0.039090658137878,0.000776925641880626
-0.0390463487829276,0.00077634477427408
-0.0389796598866289,0.000775481772495053
-0.0389129709903301,0.000774630783293487
-0.0388462820940313,0.000773792536043395
-0.0387795931977326,0.000772967735178964
-0.0387129043014338,0.000772157067974092
-0.038646215405135,0.000771361212332785
-0.0385795265088363,0.000770580844430877
-0.0385128376125375,0.000769816646051361
-0.0384461487162387,0.000769069311460286
-0.03837945981994,0.000768339553677723
-0.0383127709236412,0.000767628110008704
-0.0382460820273424,0.000766935746711889
-0.0382447492079071,0.000766922307435813
-0.0381793931310437,0.000766266622097618
-0.0381127042347449,0.000765618174710077
-0.0380460153384461,0.000764991202200142
-0.0379793264421474,0.000764386607692571
-0.0379126375458486,0.000763805330439259
-0.0378459486495498,0.000763248343761951
-0.0377792597532511,0.000762716651808175
-0.0377125708569523,0.000762211285160994
-0.0376458819606535,0.000761733295364994
-0.0375791930643548,0.000761283748452097
-0.037512504168056,0.000760863717570276
-0.0374458152717572,0.000760474274835973
-0.0373791263754585,0.000760116482546533
-0.0373124374791597,0.000759791383902064
-0.037245748582861,0.000759499993396358
-0.0371790596865622,0.000759243287043852
-0.0371123707902634,0.000759022192613833
-0.0370456818939647,0.000758837580044031
-0.0369789929976659,0.000758690252203718
-0.0369123041013671,0.000758580936170793
-0.0368456152050684,0.000758510275179184
-0.0367789263087696,0.000758478821381299
-0.0367122374124708,0.000758487029556345
-0.0366455485161721,0.000758535251878767
-0.0365788596198733,0.000758623733842539
-0.0365121707235745,0.000758752611416576
-0.0364454818272758,0.000758921909484794
-0.036378792930977,0.000759131541601614
-0.0363121040346782,0.000759381311070368
-0.0362454151383795,0.000759670913328551
-0.0361787262420807,0.000759999939600816
-0.0361120373457819,0.000760367881758028
-0.0360453484494832,0.000760774138299559
-0.0359786595531844,0.000761218021356144
-0.0359119706568856,0.000761698764592784
-0.0358452817605869,0.000762215531875657
-0.0357785928642881,0.000762767426553803
-0.0357119039679893,0.000763353501196153
-0.0356452150716906,0.000763972767617082
-0.0355785261753918,0.00076462420701951
-0.035511837279093,0.000765306780083424
-0.0354451483827943,0.000766019436830046
-0.0353784594864955,0.000766761126097
-0.0353644940996263,0.000766922307435813
-0.0353117705901967,0.000767533928958455
-0.035245081693898,0.000768334661024595
-0.0351783927975992,0.000769161485351168
-0.0351117039013004,0.000770013422394166
-0.0350450150050017,0.00077088952806276
-0.0349783261087029,0.000771788898095777
-0.0349116372124041,0.000772710671269816
-0.0348449483161054,0.00077365403140521
-0.0347782594198066,0.000774618208158753
-0.0347115705235078,0.000775602476614554
-0.0346448816272091,0.000776606155706879
-0.0346240424215345,0.000776925641880626
-0.0345781927309103,0.000777632216028044
-0.0345115038346115,0.000778678176936705
-0.0344448149383128,0.000779741824058537
-0.034378126042014,0.000780822611694088
-0.0343114371457152,0.000781920015375379
-0.0342447482494165,0.000783033525056498
-0.0341780593531177,0.000784162637873288
-0.0341113704568189,0.000785306850625086
-0.0340446815605202,0.000786465652135291
-0.0340183359194681,0.00078692897632544
-0.0339779926642214,0.000787642151193734
-0.0339113037679226,0.000788834602774815
-0.0338446148716239,0.00079004004954061
-0.0337779259753251,0.000791257872166505
-0.0337112370790263,0.000792487408611095
-0.0336445481827276,0.000793727948853852
-0.0335778592864288,0.000794978730480057
-0.03351117039013,0.00079623893520397
-0.0334747247413754,0.000796932310770257
-0.0334444814938313,0.000797510629665371
-0.0333777925975325,0.000798793519085071
-0.0333111037012337,0.000800083055278113
-0.033244414804935,0.000801378177913068
-0.0331777259086362,0.000802677769073627
-0.0331110370123374,0.000803980656267218
-0.0330443481160387,0.000805285616481536
-0.0329776592197399,0.000806591381226928
-0.0329600710275803,0.000806935645215071
-0.0329109703234411,0.000807901559834096
-0.0328442814271424,0.000809211647919318
-0.0327775925308436,0.00081051851142227
-0.0327109036345448,0.000811820760197397
-0.0326442147382461,0.000813116995183235
-0.0325775258419473,0.000814405817261235
-0.0325108369456485,0.00081568583629564
-0.0324450252162216,0.000816938979659888
-0.0324441480493498,0.000816955765783814
-0.032377459153051,0.00081822053833313
-0.0323107702567522,0.000819472417805678
-0.0322440813604535,0.000820710132182573
-0.0321773924641547,0.000821932461534366
-0.032110703567856,0.000823138245271156
-0.0320440146715572,0.000824326388654561
-0.0319773257752584,0.000825495868477035
-0.0319106368789597,0.000826645737828531
-0.0318931254057443,0.000826942314104701
-0.0318439479826609,0.000827779401452281
-0.0317772590863621,0.000828893215453952
-0.0317105701900634,0.000829984955103157
-0.0316438812937646,0.000831054002524598
-0.0315771923974658,0.000832099825120613
-0.0315105035011671,0.000833121974129118
-0.0314438146048683,0.000834120082176874
-0.0313771257085695,0.000835093859883574
-0.0313104368122708,0.00083604309158729
-0.0312453335081753,0.000836945648549515
-0.031243747915972,0.000836967742859169
-0.0311770590196732,0.000837872111314031
-0.0311103701233745,0.000838751545190965
-0.0310436812270757,0.000839606066677351
-0.0309769923307769,0.000840435740755502
-0.0309103034344782,0.000841240667739383
-0.0308436145381794,0.000842020975707819
-0.0307769256418806,0.000842776812963777
-0.0307102367455819,0.000843508340647683
-0.0306435478492831,0.000844215725628779
-0.0305768589529843,0.000844899133792878
-0.0305101700566856,0.000845558723837046
-0.0304434811603868,0.000846194641672485
-0.030376792264088,0.000846807015525793
-0.0303607167408423,0.000846948982994328
-0.0303101033677893,0.000847398232796099
-0.0302434144714905,0.000847966698577816
-0.0301767255751917,0.000848511742740433
-0.030110036678893,0.000849033390632196
-0.0300433477825942,0.000849531637952354
-0.0299766588862954,0.00085000645116875
-0.0299099699899967,0.000850457768874301
-0.0298432810936979,0.000850885504053364
-0.0297765921973991,0.000851289547213742
-0.0297099033011004,0.000851669770325443
-0.0296432144048016,0.000852026031493856
-0.0295765255085028,0.000852358180282543
-0.0295098366122041,0.000852666063590023
-0.0294431477159053,0.000852949531975397
-0.0293764588196065,0.000853208446320159
-0.0293097699233078,0.000853442684707622
-0.029243081027009,0.000853652149397555
-0.0291763921307102,0.000853836773771818
-0.0291097032344115,0.000853996529126824
-0.0290430143381127,0.000854131431191044
-0.0289763254418139,0.000854241546249783
-0.0289096365455152,0.000854326996765756
-0.0288429476492164,0.000854387966391926
-0.0287762587529176,0.000854424704282724
-0.0287095698566189,0.000854437528621176
-0.0286428809603201,0.000854426829292017
-0.0285761920640213,0.000854393069644831
-0.0285095031677226,0.00085433678730604
-0.0284428142714238,0.000854258594014206
-0.028376125375125,0.000854159174469166
-0.0283094364788263,0.000854039284201822
-0.0282427475825275,0.000853899746487736
-0.0281760586862287,0.000853741448343553
-0.02810936978993,0.000853565335660855
-0.0280426808936312,0.000853372407546435
-0.0279759919973324,0.000853163709951609
-0.0279093031010337,0.000852940328685393
-0.0278426142047349,0.00085270338191689
-0.0277759253084361,0.000852454012281377
-0.0277092364121374,0.000852193378711458
-0.0276425475158386,0.00085192264811985
-0.0275758586195398,0.000851642987063158
-0.0275091697232411,0.000851355553516814
-0.0274424808269423,0.000851061488889877
-0.0273757919306435,0.000850761910404634
-0.0273091030343448,0.00085045790396022
-0.027242414138046,0.000850150517591461
-0.0271757252417472,0.000849840755624338
-0.0271090363454485,0.000849529573617887
-0.0270423474491497,0.000849217874168985
-0.0269756585528509,0.000848906503641918
-0.0269089696565522,0.00084859624986902
-0.0268422807602534,0.000848287840851724
-0.0267755918639547,0.00084798194447452
-0.0267089029676559,0.000847679169226569
-0.0266422140713571,0.00084738006590836
-0.0265755251750584,0.000847085130283613
-0.0265442518715488,0.000846948982994328
-0.0265088362787596,0.000846795590245535
-0.0264421473824608,0.000846511726406436
-0.0263754584861621,0.000846233200266733
-0.0263087695898633,0.000845960328977071
-0.0262420806935645,0.000845693399720836
-0.0261753917972658,0.000845432676319554
-0.026108702900967,0.000845178406109791
-0.0260420140046682,0.000844930826959574
-0.0259753251083695,0.000844690174289339
-0.0259086362120707,0.000844456687962142
-0.0258419473157719,0.000844230618909848
-0.0257752584194732,0.000844012235366385
-0.0257085695231744,0.000843801828585948
-0.0256418806268756,0.000843599717932961
-0.0255751917305769,0.000843406255241717
-0.0255085028342781,0.000843221828356451
-0.0254418139379793,0.000843046863777416
-0.0253751250416806,0.000842881828354366
-0.0253084361453818,0.000842727229986189
-0.025241747249083,0.000842583617303373
-0.0251750583527843,0.000842451578328475
-0.0251083694564855,0.000842331738128502
-0.0250416805601867,0.000842224755491523
-0.024974991663888,0.000842131318677877
-0.0249083027675892,0.000842052140313404
-0.0248416138712904,0.00084198795150808
-0.0247749249749917,0.000841939495297955
-0.0247082360786929,0.000841907519520912
-0.0246415471823941,0.000841892769247672
-0.0245748582860954,0.000841895978897839
-0.0245081693897966,0.000841917864177189
-0.0244414804934978,0.000841959113976024
-0.0243747915971991,0.000842020382369695
-0.0243081027009003,0.000842102280861074
-0.0242414138046015,0.000842205371000879
-0.0241747249083028,0.000842330157515414
-0.024108036012004,0.00084247708206271
-0.0240413471157052,0.000842646517727065
-0.0239746582194065,0.000842838764349304
-0.0239079693231077,0.000843054044775386
-0.0238412804268089,0.000843292502089985
-0.0237745915305102,0.000843554197884366
-0.0237079026342114,0.000843839111589776
-0.0236412137379126,0.000844147140888866
-0.0235745248416139,0.000844478103198748
-0.0235078359453151,0.00084483173820051
-0.0234411470490163,0.00084520771137172
-0.0233744581527176,0.000845605618460926
-0.0233077692564188,0.000846024990826734
-0.02324108036012,0.00084646530154909
-0.0231743914638213,0.000846925972207062
-0.0231711972786589,0.000846948982994328
-0.0231077025675225,0.000847408723567614
-0.0230410136712237,0.000847910770187128
-0.022974324774925,0.000848431303361567
-0.0229076358786262,0.0008489696119027
-0.0228409469823274,0.00084952497252161
-0.0227742580860287,0.000850096657945259
-0.0227075691897299,0.0008506839447699
-0.0226408802934311,0.000851286120919906
-0.0225741913971324,0.000851902492588335
-0.0225075025008336,0.000852532390545654
-0.0224408136045348,0.000853175175715048
-0.0223741247082361,0.000853830243926591
-0.0223074358119373,0.000854497029777957
-0.0222407469156385,0.000855175009545859
-0.0221740580193398,0.000855863703110013
-0.022107369123041,0.00085656267486944
-0.022070711316406,0.000856952317439146
-0.0220406802267422,0.000857273172938467
-0.0219739913304435,0.000857995259571851
-0.0219073024341447,0.000858726625207057
-0.0218406135378459,0.000859466999948701
-0.0217739246415472,0.000860216148665751
-0.0217072357452484,0.000860973866428148
-0.0216405468489497,0.000861739973276851
-0.0215738579526509,0.000862514308434291
-0.0215071690563521,0.000863296724071673
-0.0214404801600534,0.000864087078756894
-0.0213737912637546,0.000864885230711638
-0.0213071023674558,0.000865691031009074
-0.0212404134711571,0.000866504316843694
-0.0212037327026244,0.000866955651883959
-0.0211737245748583,0.00086732679631948
-0.0211070356785595,0.000868158715005041
-0.0210403467822608,0.000868997517380566
-0.020973657885962,0.000869842922516068
-0.0209069689896632,0.000870694607208929
-0.0208402800933645,0.000871552202153586
-0.0207735911970657,0.000872415288930429
-0.0207069023007669,0.000873283397873583
-0.0206402134044682,0.000874156006861062
-0.0205735245081694,0.00087503254105462
-0.0205068356118706,0.000875912373599571
-0.0204401467155719,0.000876794827277908
-0.0204277678424284,0.000876958986328776
-0.0203734578192731,0.000877682862894882
-0.0203067689229743,0.000878572872046177
-0.0202400800266756,0.000879463201540919
-0.0201733911303768,0.00088035300311369
-0.020106702234078,0.00088124139912672
-0.0200400133377793,0.000882127488942025
-0.0199733244414805,0.000883010355783362
-0.0199066355451817,0.000883889073975729
-0.019839946648883,0.00088476271644396
-0.0197732577525842,0.000885630362347975
-0.0197065688562854,0.000886491104730425
-0.0196697276652011,0.00088696232077359
-0.0196398799599867,0.000887346015638744
-0.0195731910636879,0.000888194653838082
-0.0195065021673891,0.000889033777753506
-0.0194398132710904,0.000889862604141288
-0.0193731243747916,0.000890680398053162
-0.0193064354784928,0.000891486478147954
-0.0192397465821941,0.000892280221264815
-0.0191730576858953,0.000893061066189753
-0.0191063687895965,0.000893828516561026
-0.0190396798932978,0.000894582142873781
-0.018972990996999,0.000895321583559664
-0.0189063021007002,0.000896046545132892
-0.0188396132044015,0.000896756801409782
-0.0188195838068617,0.000896965655218403
-0.0187729243081027,0.000897454687986256
-0.0187062354118039,0.00089813860495948
-0.0186395465155052,0.000898807442466008
-0.0185728576192064,0.000899461218230534
-0.0185061687229076,0.000900100001088569
-0.0184394798266089,0.000900723905588594
-0.0183727909303101,0.000901333086102133
-0.0183061020340113,0.000901927730546798
-0.0182394131377126,0.000902508053832894
-0.0181727242414138,0.000903074291148134
-0.018106035345115,0.000903626691196918
-0.0180393464488163,0.000904165509510528
-0.0179726575525175,0.000904691001942692
-0.0179059686562187,0.000905203418460996
-0.01783927975992,0.000905702997338972
-0.0177725908636212,0.000906189959846195
-0.0177059019673224,0.000906664505524739
-0.0176619790047274,0.00090696898966322
-0.0176392130710237,0.000907127615050517
-0.0175725241747249,0.000907580120831147
-0.0175058352784261,0.00090802057964369
-0.0174391463821274,0.000908449071703118
-0.0173724574858286,0.000908865642781955
-0.0173057685895298,0.000909270304190766
-0.0172390796932311,0.000909663033618826
-0.0171723907969323,0.000910043776816268
-0.0171057019006335,0.000910412450084468
-0.0170390130043348,0.000910768943527649
-0.016972324108036,0.000911113125005587
-0.0169056352117372,0.000911444844715269
-0.0168389463154385,0.000911763940318635
-0.0167722574191397,0.000912070242524033
-0.0167055685228409,0.000912363581021262
-0.0166388796265422,0.000912643790663958
-0.0165721907302434,0.000912910717788598
-0.0165055018339446,0.000913164226557128
-0.0164388129376459,0.000913404205209457
-0.0163721240413471,0.00091363057211356
-0.0163054351450483,0.000913843281504109
-0.0162387462487496,0.000914042328805675
-0.0161720573524508,0.000914227755443455
-0.0161053684561521,0.000914399653052923
-0.0160386795598533,0.000914558167009923
-0.0159719906635545,0.000914703499214026
-0.0159053017672558,0.000914835910070548
-0.015838612870957,0.000914955719630116
-0.0157719239746582,0.000915063307858829
-0.0157052350783595,0.000915159114026768
-0.0156385461820607,0.000915243635217582
-0.0155718572857619,0.0009153174239767
-0.0155051683894632,0.000915381085130422
-0.0154384794931644,0.000915435271822271
-0.0153717905968656,0.00091548068082632
-0.0153051017005669,0.000915518047209622
-0.0152384128042681,0.000915548138427048
-0.0151717239079693,0.000915571747941594
-0.0151050350116706,0.0009155896884715
-0.0150383461153718,0.000915602784971918
-0.014971657219073,0.000915611867463598
-0.0149049683227743,0.00091561776382389
-0.0148382794264755,0.000915621292655904
-0.0147715905301767,0.000915623256350754
-0.014704901633878,0.00091562443445432
-0.0146382127375792,0.000915625577445146
-0.0145715238412804,0.000915627401022867
-0.0145048349449817,0.000915630580998042
-0.0144381460486829,0.00091563574886395
-0.0143714571523841,0.000915643488119169
-0.0143047682560854,0.000915654331396978
-0.0142380793597866,0.000915668758443664
-0.0141713904634878,0.000915687194973184
-0.0141047015671891,0.000915710012410564
-0.0140380126708903,0.000915737528520933
-0.0139713237745915,0.000915770008905913
-0.0139046348782928,0.000915807669333817
-0.013837945981994,0.000915850678855855
-0.0137712570856952,0.000915899163646631
-0.0137045681893965,0.000915953211494832
-0.0136378792930977,0.000916012876858425
-0.0135711903967989,0.000916078186388981
-0.0135045015005002,0.000916149144821518
-0.0134378126042014,0.000916225741119742
-0.0133711237079026,0.000916307954762331
-0.0133044348116039,0.000916395762053183
-0.0132377459153051,0.00091648914233842
-0.0131710570190063,0.000916588084014505
-0.0131043681227076,0.000916692590215614
-0.0130376792264088,0.00091680268407416
-0.01297099033011,0.000916918413456071
-0.0129413858499623,0.000916972324108034
-0.0129043014338113,0.000917040201618974
-0.0128376125375125,0.000917168117638364
-0.0127709236412137,0.000917302029553805
-0.012704234744915,0.000917442119012603
-0.0126375458486162,0.0009175886056789
-0.0125708569523174,0.000917741747380243
-0.0125041680560187,0.000917901839374045
-0.0124374791597199,0.000918069212743262
-0.0123707902634211,0.000918244231946385
-0.0123041013671224,0.000918427291562142
-0.0122374124708236,0.000918618812283853
-0.0121707235745248,0.000918819236231938
-0.0121040346782261,0.000919029021665487
-0.0120373457819273,0.000919248637184691
-0.0119706568856285,0.000919478555525216
-0.0119039679893298,0.000919719247053021
-0.011837279093031,0.000919971173073665
-0.0117705901967322,0.000920234779073609
-0.0117039013004335,0.000920510488012391
-0.0116372124041347,0.000920798693783816
-0.0115705235078359,0.000921099754961358
-0.0115038346115372,0.000921413988938279
-0.0114371457152384,0.000921741666565838
-0.0113704568189396,0.000922083007384462
-0.0113037679226409,0.000922438175532357
-0.0112370790263421,0.000922807276404108
-0.0111703901300433,0.000923190354118766
-0.0111037012337446,0.000923587389842785
-0.0110370123374458,0.000923998300998143
-0.010970323441147,0.000924422941370622
-0.0109036345448483,0.000924861102117479
-0.0108369456485495,0.000925312513658104
-0.0107702567522508,0.000925776848415917
-0.010703567855952,0.000926253724365003
-0.0106368789596532,0.000926742709321118
-0.010605847478592,0.000926975658552851
-0.0105701900633545,0.000927244697362773
-0.0105035011670557,0.000927759051329664
-0.0104368122707569,0.000928284024530955
-0.0103701233744582,0.000928819036269251
-0.0103034344781594,0.000929363485233714
-0.0102367455818606,0.000929916756407843
-0.0101700566855619,0.000930478228028639
-0.0101033677892631,0.000931047278480163
-0.0100366788929643,0.000931623293006129
-0.00996998999666555,0.000932205670130011
-0.00990330110036679,0.000932793827676714
-0.00983661220406802,0.000933387208297545
-0.00976992330776926,0.000933985284409396
-0.00970323441147049,0.000934587562469948
-0.00963654551517172,0.000935193586522839
-0.00956985661887296,0.000935802940959958
-0.00950316772257419,0.000936415252462297
-0.00944203107383361,0.000936978992997665
-0.00943647882627542,0.000937030454096101
-0.00936978992997666,0.000937650904295727
-0.00930310103367789,0.00093827346230588
-0.00923641213737913,0.00093889792514317
-0.00916972324108036,0.000939524129410795
-0.00910303434478159,0.000940151948325535
-0.00903634544848283,0.000940781288062031
-0.00896965655218406,0.000941412083488606
-0.0089029676558853,0.000942044293379376
-0.00883627875958653,0.000942677895196033
-0.00876958986328776,0.000943312879539923
-0.008702900966989,0.00094394924438019
-0.00863621207069023,0.000944586989167227
-0.00856952317439146,0.000945226108942077
-0.0085028342780927,0.000945866588551943
-0.00843614538179393,0.000946508397079568
-0.00838699751398143,0.000946982327442482
-0.00836945648549517,0.000947152349376087
-0.0083027675891964,0.000947799934885999
-0.00823607869289763,0.000948448616328543
-0.00816938979659887,0.00094909825127257
-0.0081027009003001,0.000949748660086517
-0.00803601200400133,0.000950399623536725
-0.00796932310770257,0.000951050881146948
-0.0079026342114038,0.000951702130351145
-0.00783594531510503,0.000952353026457799
-0.00776925641880627,0.000953003183429671
-0.0077025675225075,0.000953652175468721
-0.00763587862620874,0.000954299539381852
-0.00756918972990997,0.000954944777689621
-0.0075025008336112,0.000955587362427238
-0.00743581193731244,0.000956226739575252
-0.00736912304101367,0.000956862334046548
-0.00735609390560859,0.000956985661887292
-0.0073024341447149,0.000957496159103645
-0.00723574524841614,0.000958125618188192
-0.00716905635211737,0.000958749471953413
-0.00710236745581861,0.000959367115884207
-0.00703567855951984,0.000959977954531531
-0.00696898966322107,0.000960581407909448
-0.00690230076692231,0.000961176917759821
-0.00683561187062354,0.000961763953581241
-0.00676892297432477,0.000962342018322871
-0.00670223407802601,0.00096291065364995
-0.00663554518172724,0.000963469444695102
-0.00656885628542848,0.000964018024218587
-0.00650216738912971,0.000964556076110813
-0.00643547849283094,0.000965083338181742
-0.00636878959653218,0.00096559960419406
-0.00630210070023341,0.000966104725109803
-0.00623541180393465,0.000966598609533558
-0.00618146701733415,0.000966988996332109
-0.00616872290763588,0.000967081697060698
-0.00610203401133711,0.000967555483109423
-0.00603534511503835,0.000968018038802274
-0.00596865621873958,0.000968469492372579
-0.00590196732244081,0.00096891002048778
-0.00583527842614205,0.000969339844246539
-0.00576858952984328,0.00096975922461498
-0.00570190063354451,0.000970168457381879
-0.00563521173724575,0.000970567867720526
-0.00556852284094698,0.000970957804451131
-0.00550183394464822,0.000971338634102289
-0.00543514504834945,0.000971710734873042
-0.00536845615205068,0.000972074490598179
-0.00530176725575192,0.000972430284819035
-0.00523507835945315,0.000972778495059656
-0.00516838946315438,0.00097311948740442
-0.00510170056685562,0.000973453611467476
-0.00503501167055685,0.00097378119583747
-0.00496832277425809,0.000974102544072396
-0.00490163387795932,0.000974417931309799
-0.00483494498166055,0.000974727601546663
-0.00476825608536179,0.000975031765631685
-0.00470156718906302,0.00097533060000007
-0.00463487829276425,0.000975624246168239
-0.00456818939646549,0.000975912810992456
-0.00450150050016672,0.00097619636768224
-0.00443481160386796,0.000976474957546305
-0.00436812270756919,0.000976748592436
-0.00430762155150196,0.000976992330776923
-0.00430143381127042,0.000977017385576208
-0.00423474491497166,0.000977282395635715
-0.00416805601867289,0.000977542317872255
-0.00410136712237412,0.00097779708248573
-0.00403467822607536,0.00097804661081484
-0.00396798932977659,0.000978290820647686
-0.00390130043347783,0.000978529631705509
-0.00383461153717906,0.000978762971199305
-0.00376792264088029,0.000978990779357798
-0.00370123374458153,0.000979213014825524
-0.00363454484828276,0.000979429659831983
-0.00356785595198399,0.000979640725036559
-0.00350116705568523,0.000979846253959453
-0.00343447815938646,0.000980046326915895
-0.0033677892630877,0.000980241064379343
-0.00330110036678893,0.000980430629709239
-0.00323441147049016,0.000980615231189707
-0.0031677225741914,0.000980795123337526
-0.00310103367789263,0.000980970607450199
-0.00303434478159386,0.000981142031378184
-0.0029676558852951,0.000981309788518606
-0.00290096698899633,0.000981474316041455
-0.00283427809269757,0.00098163609237234
-0.0027675891963988,0.000981795633969026
-0.00270090030010003,0.00098195349144099
-0.00263421140380127,0.000982110245072974
-0.0025675225075025,0.000982266499823635
-0.00250083361120373,0.000982422879879649
-0.00243414471490497,0.000982580022853585
-0.0023674558186062,0.000982738573719734
-0.00230076692230744,0.000982899178587131
-0.00223407802600867,0.000983062478411579
-0.0021673891297099,0.000983229102749777
-0.00210070023341114,0.000983399663657944
-0.00203401133711237,0.000983574749834922
-0.0019673224408136,0.000983754921105473
-0.00190063354451484,0.000983940703333748
-0.00183394464821607,0.00098413258384938
-0.00176725575191731,0.000984331007459859
-0.00170056685561854,0.000984536373112695
-0.00163387795931977,0.000984749031259576
-0.00156718906302101,0.000984969281962675
-0.00150050016672224,0.000985197373770226
-0.00143381127042347,0.000985433503375355
-0.00136712237412471,0.000985677816058432
-0.00130043347782594,0.000985930406899638
-0.00123374458152718,0.000986191322735219
-0.00116705568522841,0.00098646056481783
-0.00110036678892964,0.000986738092129406
-0.00104025060489175,0.00098699566522174
-0.00103367789263088,0.000987023969651987
-0.000966988996332111,0.000987319301959714
-0.000900300100033344,0.000987622625665899
-0.000833611203734578,0.000987933773633096
-0.000766922307435812,0.000988252560160042
-0.000700233411137046,0.000988578786607657
-0.000633544514838279,0.000988912247074865
-0.000566855618539513,0.000989252734021387
-0.000500166722240747,0.000989600043736095
-0.000433477825941981,0.000989953981552417
-0.000366788929643214,0.000990314366717106
-0.000300100033344448,0.000990681036825191
-0.000233411137045682,0.000991053851741891
-0.000166722240746916,0.000991432696941661
-0.000100033344448149,0.000991817486205299
-3.33444481493831e-05,0.000992208163627589
3.33444481493831e-05,0.000992604704900572
0.000100033344448149,0.000993007117850665
0.000166722240746916,0.000993415442221297
0.000233411137045682,0.000993829748706346
0.000300100033344448,0.000994250137253235
0.000366788929643214,0.000994676734667589
0.000433477825941981,0.000995109691563942
0.000500166722240747,0.00099554917871865
0.000566855618539513,0.000995995382891909
0.000633544514838279,0.000996448502195164
0.000700233411137046,0.000996908741088355
0.00071310756423652,0.000996998999666553
0.000766922307435812,0.000997378241184504
0.000833611203734578,0.000997855768479341
0.000900300100033344,0.00099834105188907
0.000966988996332111,0.000998834268033455
0.00103367789263088,0.000999335572557335
0.00110036678892964,0.000999845094900839
0.00116705568522841,0.00100036293337896
0.00123374458152718,0.00100088915065961
0.00130043347782594,0.00100142376972225
0.00136712237412471,0.00100196677037046
0.00143381127042347,0.00100251808636248
0.00150050016672224,0.00100307760321228
0.00156718906302101,0.00100364515670252
0.00163387795931977,0.00100422053213801
0.00170056685561854,0.00100480346435532
0.00176725575191731,0.00100539363849122
0.00183394464821607,0.00100599069149938
0.00190063354451484,0.00100659421439178
0.00194528495504644,0.00100700233411137
0.0019673224408136,0.00100720478775666
0.00203401133711237,0.00100782300867099
0.00210070023341114,0.00100844625586845
0.0021673891297099,0.00100907396927122
0.00223407802600867,0.00100970556311717
0.00230076692230744,0.00101034043143866
0.0023674558186062,0.00101097795380529
0.00243414471490497,0.00101161750123576
0.00250083361120373,0.00101225844218149
0.0025675225075025,0.00101290014848403
0.00263421140380127,0.00101354200120886
0.00270090030010003,0.0010141833962611
0.0027675891963988,0.00101482374969279
0.00283427809269757,0.00101546250261709
0.00290096698899633,0.00101609912565224
0.0029676558852951,0.00101673312282652
0.0029964645248619,0.00101700566855618
0.00303434478159386,0.00101736587653738
0.00310103367789263,0.00101799650804575
0.0031677225741914,0.00101862323612408
0.00323441147049016,0.00101924572292332
0.00330110036678893,0.00101986367399592
0.0033677892630877,0.00102047683813095
0.00343447815938646,0.00102108500647762
0.00350116705568523,0.00102168801098218
0.00356785595198399,0.00102228572217455
0.00363454484828276,0.00102287804635243
0.00370123374458153,0.00102346492222051
0.00376792264088029,0.00102404631705156
0.00383461153717906,0.0010246222224443
0.00390130043347783,0.00102519264975899
0.00396798932977659,0.00102575762531728
0.00403467822607536,0.00102631718545616
0.00410136712237412,0.00102687137152789
0.00411809082886245,0.001027009003001
0.00416805601867289,0.00102742233478031
0.00423474491497166,0.00102796868021455
0.00430143381127042,0.00102850972905806
0.00436812270756919,0.00102904549504467
0.00443481160386796,0.00102957597420269
0.00450150050016672,0.00103010114135282
0.00456818939646549,0.0010306209471236
0.00463487829276425,0.00103113531553889
0.00470156718906302,0.0010316441422216
0.00476825608536179,0.00103214729324717
0.00483494498166055,0.00103264460466868
0.00490163387795932,0.0010331358827239
0.00496832277425809,0.00103362090472248
0.00503501167055685,0.00103409942059991
0.00510170056685562,0.00103457115511311
0.00516838946315438,0.00103503581064147
0.00523507835945315,0.00103549307054668
0.00530176725575192,0.00103594260303524
0.00536845615205068,0.0010363840654585
0.00543514504834945,0.00103681710897797
0.00546583116200399,0.00103701233744581
0.00550183394464822,0.0010372425594345
0.00556852284094698,0.00103765985084582
0.00563521173724575,0.00103806764236267
0.00570190063354451,0.00103846560978875
0.00576858952984328,0.0010388534487218
0.00583527842614205,0.00103923087966434
0.00590196732244081,0.00103959765289601
0.00596865621873958,0.00103995355302497
0.00603534511503835,0.00104029840314102
0.00610203401133711,0.00104063206850019
0.00616872290763588,0.00104095445967786
0.00623541180393465,0.00104126553513712
0.00630210070023341,0.00104156530316817
0.00636878959653218,0.00104185382316576
0.00643547849283094,0.00104213120622242
0.00650216738912971,0.00104239761502676
0.00656885628542848,0.00104265326306795
0.00663554518172724,0.00104289841315883
0.00670223407802601,0.00104313337530176
0.00676892297432477,0.00104335850393214
0.00683561187062354,0.00104357419458494
0.00690230076692231,0.00104378088003917
0.00696898966322107,0.00104397902600393
0.00703567855951984,0.00104416912641726
0.00710236745581861,0.00104435169843515
0.00716905635211737,0.00104452727719356
0.00723574524841614,0.00104469641042941
0.0073024341447149,0.00104485965304916
0.00736912304101367,0.00104501756173379
0.00743581193731244,0.00104517068966865
0.0075025008336112,0.0010453195814837
0.00756918972990997,0.00104546476848651
0.00763587862620874,0.0010456067642645
0.0077025675225075,0.0010457460607269
0.00776925641880627,0.00104588312464891
0.00783594531510503,0.00104601839477163
0.0079026342114038,0.00104615227950208
0.00796932310770257,0.00104628515524641
0.00803601200400133,0.00104641736539915
0.0081027009003001,0.00104654921999909
0.00816938979659887,0.00104668099605145
0.00823607869289763,0.00104681293850379
0.0083027675891964,0.00104694526185195
0.00833810113019291,0.00104701567189063
0.00836945648549517,0.00104707847311376
0.00843614538179393,0.00104721277762664
0.0085028342780927,0.00104734795318539
0.00856952317439146,0.00104748412034365
0.00863621207069023,0.0010476213850355
0.008702900966989,0.00104775984291692
0.00876958986328776,0.00104789958390811
0.00883627875958653,0.00104804069684956
0.0089029676558853,0.00104818327418334
0.00896965655218406,0.00104832741656958
0.00903634544848283,0.00104847323735015
0.00910303434478159,0.00104862086677318
0.00916972324108036,0.00104877045589673
0.00923641213737913,0.00104892218009522
0.00930310103367789,0.00104907624209916
0.00936978992997666,0.00104923287450682
0.00943647882627542,0.00104939234171582
0.00950316772257419,0.00104955494123264
0.00956985661887296,0.00104972100432903
0.00963654551517172,0.00104989089602606
0.00970323441147049,0.00105006501439796
0.00976992330776926,0.00105024378920041
0.00983661220406802,0.00105042767983961
0.00990330110036679,0.00105061717271028
0.00996998999666555,0.00105081277794213
0.0100366788929643,0.00105101502560456
0.0101033677892631,0.00105122446142934
0.0101700566855619,0.00105144164211961
0.0102367455818606,0.0010516671303208
0.0103034344781594,0.00105190148933544
0.0103701233744582,0.00105214527766838
0.0104368122707569,0.00105239904349208
0.0105035011670557,0.00105266331912312
0.0105701900633545,0.00105293861560137
0.0106368789596532,0.00105322541746106
0.010703567855952,0.00105352417778029
0.0107702567522508,0.0010538353135904
0.0108369456485495,0.00105415920172049
0.0109036345448483,0.00105449617514509
0.010970323441147,0.00105484651989387
0.0110370123374458,0.00105521047257284
0.0111037012337446,0.00105558821853571
0.0111703901300433,0.00105597989073286
0.0112370790263421,0.0010563855692536
0.0113037679226409,0.00105680528156527
0.0113366295524042,0.00105701900633545
0.0113704568189396,0.00105724013269564
0.0114371457152384,0.00105769008790134
0.0115038346115372,0.00105815392749588
0.0115705235078359,0.00105863148350922
0.0116372124041347,0.00105912254606686
0.0117039013004335,0.0010596268672488
0.0117705901967322,0.00106014416535894
0.011837279093031,0.00106067412952752
0.0119039679893298,0.00106121642456381
0.0119706568856285,0.00106177069597218
0.0120373457819273,0.0010623365750427
0.0121040346782261,0.00106291368392592
0.0121707235745248,0.00106350164060302
0.0122374124708236,0.00106410006366443
0.0123041013671224,0.0010647085768142
0.0123707902634211,0.00106532681302277
0.0124374791597199,0.00106595441825768
0.0125041680560187,0.00106659105472968
0.0125487357500437,0.00106702234078026
0.0125708569523174,0.00106723750467246
0.0126375458486162,0.00106789463096567
0.012704234744915,0.00106855993847595
0.0127709236412137,0.00106923317399229
0.0128376125375125,0.00106991410812962
0.0129043014338113,0.00107060253492643
0.01297099033011,0.00107129827081118
0.0130376792264088,0.00107200115296327
0.0131043681227076,0.00107271103710454
0.0131710570190063,0.0010734277947681
0.0132377459153051,0.00107415131010005
0.0133044348116039,0.00107488147625837
0.0133711237079026,0.00107561819148014
0.0134378126042014,0.00107636135489398
0.0134969220235629,0.00107702567522508
0.0135045015005002,0.00107711129973291
0.0135711903967989,0.00107787091975325
0.0136378792930977,0.00107863667670053
0.0137045681893965,0.00107940842852379
0.0137712570856952,0.00108018601215488
0.013837945981994,0.00108096923952567
0.0139046348782928,0.0010817578939079
0.0139713237745915,0.00108255172664631
0.0140380126708903,0.00108335045434855
0.0141047015671891,0.00108415375658693
0.0141713904634878,0.0010849612741584
0.0142380793597866,0.00108577260793887
0.0143047682560854,0.00108658731835773
0.0143407950950108,0.00108702900966989
0.0143714571523841,0.00108740685399557
0.0144381460486829,0.00108823104506783
0.0145048349449817,0.00108905706532353
0.0145715238412804,0.00108988431803848
0.0146382127375792,0.00109071217265979
0.014704901633878,0.0010915399679403
0.0147715905301767,0.00109236701557472
0.0148382794264755,0.00109319260428112
0.0149049683227743,0.0010940160042641
0.014971657219073,0.00109483647198958
0.0150383461153718,0.00109565325519621
0.0151050350116706,0.00109646559806472
0.0151518606946784,0.0010970323441147
0.0151717239079693,0.0010972739813648
0.0152384128042681,0.00109807930445005
0.0153051017005669,0.0010988779174871
0.0153717905968656,0.00109966909863406
0.0154384794931644,0.00110045214794554
0.0155051683894632,0.00110122639183455
0.0155718572857619,0.00110199118715438
0.0156385461820607,0.00110274592484085
0.0157052350783595,0.00110349003306338
0.0157719239746582,0.00110422297984204
0.015838612870957,0.00110494427509699
0.0159053017672558,0.00110565347210649
0.0159719906635545,0.0011063501683599
0.0160386795598533,0.0011070340058025
0.0160388458985695,0.00110703567855952
0.0161053684561521,0.0011077081099519
0.0161720573524508,0.00110836870951773
0.0162387462487496,0.00110901556544746
0.0163054351450483,0.00110964848716234
0.0163721240413471,0.00111026732145099
0.0164388129376459,0.00111087194953574
0.0165055018339446,0.00111146228377032
0.0165721907302434,0.00111203826403408
0.0166388796265422,0.00111259985389215
0.0167055685228409,0.00111314703659467
0.0167722574191397,0.00111367981099021
0.0168389463154385,0.00111419818742957
0.0169056352117372,0.00111470218373557
0.016972324108036,0.00111519182131269
0.0170390130043348,0.00111566712146788
0.0171057019006335,0.00111612810200937
0.0171723907969323,0.00111657477418521
0.0172390796932311,0.00111700714001729
0.0172441643736172,0.00111703901300433
0.0173057685895298,0.00111742717213687
0.0173724574858286,0.00111783295581708
0.0174391463821274,0.00111822429038111
0.0175058352784261,0.00111860112357136
0.0175725241747249,0.00111896338782151
0.0176392130710237,0.00111931100068211
0.0177059019673224,0.00111964386580009
0.0177725908636212,0.00111996187443665
0.01783927975992,0.00112026490749902
0.0179059686562187,0.00112055283805221
0.0179726575525175,0.00112082553426894
0.0180393464488163,0.00112108286276801
0.018106035345115,0.00112132469228475
0.0181727242414138,0.00112155089761131
0.0182394131377126,0.00112176136373962
0.0183061020340113,0.00112195599013642
0.0183727909303101,0.0011221346950769
0.0184394798266089,0.00112229741996259
0.0185061687229076,0.00112244413354871
0.0185728576192064,0.00112257483600775
0.0186395465155052,0.00112268956275811
0.0187062354118039,0.0011227883879907
0.0187729243081027,0.00112287142783055
0.0188396132044015,0.00112293884307685
0.0189063021007002,0.00112299084147121
0.018972990996999,0.00112302767945167
0.0190396798932978,0.00112304966335836
0.0191063687895965,0.00112305715006532
0.0191730576858953,0.00112305054702297
0.0192397465821941,0.00112303031170451
0.0193064354784928,0.00112299695046015
0.0193731243747916,0.00112295101679216
0.0194398132710904,0.00112289310907358
0.0195065021673891,0.00112282386774267
0.0195731910636879,0.00112274397201354
0.0196398799599867,0.00112265413615183
0.0197065688562854,0.00112255510537108
0.0197732577525842,0.00112244765141222
0.019839946648883,0.00112233256787331
0.0199066355451817,0.00112221066536132
0.0199733244414805,0.00112208276654029
0.0200400133377793,0.00112194970115217
0.020106702234078,0.0011218123010866
0.0201733911303768,0.00112167139557565
0.0202400800266756,0.00112152780658652
0.0203067689229743,0.00112138234448237
0.0203734578192731,0.00112123580401632
0.0204401467155719,0.00112108896071822
0.0205068356118706,0.00112094256772647
0.0205735245081694,0.00112079735310983
0.0206402134044682,0.00112065401771535
0.0207069023007669,0.00112051323356922
0.0207735911970657,0.00112037564284793
0.0208402800933645,0.00112024185742677
0.0209069689896632,0.00112011245900262
0.020973657885962,0.00111998799977791
0.0210403467822608,0.00111986900368246
0.0211070356785595,0.0011197559681003
0.0211737245748583,0.00111964936605986
0.0212404134711571,0.00111954964883708
0.0213071023674558,0.00111945724891382
0.0213737912637546,0.00111937258322746
0.0214404801600534,0.00111929605664205
0.0215071690563521,0.00111922806556729
0.0215738579526509,0.00111916900164897
0.0216405468489497,0.00111911925545255
0.0217072357452484,0.00111907922006194
0.0217739246415472,0.00111904929451668
0.0218406135378459,0.00111902988701319
0.0219073024341447,0.00111902141780029
0.0219739913304435,0.00111902432170397
0.0220406802267422,0.00111903905022349
0.022107369123041,0.00111906607314798
0.0221740580193398,0.00111910587965172
0.0222407469156385,0.00111915897883526
0.0223074358119373,0.00111922589968997
0.0223741247082361,0.00111930719047364
0.0224408136045348,0.00111940341749579
0.0225075025008336,0.00111951516332206
0.0225741913971324,0.00111964302441761
0.0226408802934311,0.00111978760825999
0.0227075691897299,0.00111994952996171
0.0227742580860287,0.00112012940845179
0.0228409469823274,0.00112032786227387
0.0229076358786262,0.00112054550506603
0.022974324774925,0.00112078294079292
0.0230410136712237,0.00112104075880635
0.0231077025675225,0.00112131952881344
0.0231743914638213,0.00112161979583369
0.02324108036012,0.00112194207522697
0.0233077692564188,0.00112228684787339
0.0233744581527176,0.00112265455558366
0.0234411470490163,0.0011230455968151
0.0235078359453151,0.00112346032276279
0.0235745248416139,0.00112389903388956
0.0236412137379126,0.00112436197695056
0.0237079026342114,0.00112484934255999
0.0237745915305102,0.00112536126333801
0.0238412804268089,0.00112589781266587
0.0239079693231077,0.00112645900406683
0.0239743799953681,0.00112704234744915
0.0239746582194065,0.00112704480379065
0.0240413471157052,0.0011276582204996
0.024108036012004,0.00112829608928536
0.0241747249083028,0.00112895818959364
0.0242414138046015,0.001129644246877
0.0243081027009003,0.00113035393550691
0.0243747915971991,0.00113108688214261
0.0244414804934978,0.00113184266949555
0.0245081693897966,0.00113262084042218
0.0245748582860954,0.00113342090227227
0.0246415471823941,0.00113424233141646
0.0247082360786929,0.00113508457787404
0.0247749249749917,0.00113594706996121
0.0248416138712904,0.00113682921888034
0.0248576311887175,0.00113704568189396
0.0249083027675892,0.00113773394946383
0.024974991663888,0.00113865833571466
0.0250416805601867,0.00113960064529414
0.0251083694564855,0.00114056025965537
0.0251750583527843,0.00114153656261004
0.025241747249083,0.00114252894311896
0.0253084361453818,0.00114353679759318
0.0253751250416806,0.00114455953167502
0.0254418139379793,0.00114559656147911
0.0255085028342781,0.00114664731428295
0.0255336820726277,0.00114704901633878
0.0255751917305769,0.0011477146388302
0.0256418806268756,0.00114879670695412
0.0257085695231744,0.00114989090621593
0.0257752584194732,0.00115099670166277
0.0258419473157719,0.00115211356513947
0.0259086362120707,0.00115324097303052
0.0259753251083695,0.00115437840365294
0.0260420140046682,0.00115552533436089
0.026108702900967,0.00115668123842803
0.0261299587099826,0.00115705235078359
0.0261753917972658,0.00115784966119082
0.0262420806935645,0.0011590279255875
0.0263087695898633,0.0011602135609815
0.0263754584861621,0.00116140598828596
0.0264421473824608,0.00116260460786234
0.0265088362787596,0.00116380879655471
0.0265755251750584,0.00116501790499485
0.0266422140713571,0.00116623125523827
0.0266873952065097,0.00116705568522841
0.0267089029676559,0.00116745015461667
0.0267755918639547,0.00116867609467743
0.0268422807602534,0.00116990406269685
0.0269089696565522,0.00117113324731176
0.0269756585528509,0.00117236280318816
0.0270423474491497,0.0011735918514926
0.0271090363454485,0.00117481948090285
0.0271757252417472,0.00117604474915169
0.0272310801958607,0.00117705901967322
0.027242414138046,0.00117726775142486
0.0273091030343448,0.00117849160993032
0.0273757919306435,0.00117971009074998
0.0274424808269423,0.00118092214811504
0.0275091697232411,0.00118212672005518
0.0275758586195398,0.00118332273253823
0.0276425475158386,0.00118450910387231
0.0277092364121374,0.00118568474930804
0.0277759253084361,0.00118684858577464
0.0277883111842045,0.00118706235411804
0.0278426142047349,0.00118800435238589
0.0279093031010337,0.00118914719578859
0.0279759919973324,0.0011902749628917
0.0280426808936312,0.00119138661962657
0.02810936978993,0.00119248115701838
0.0281760586862287,0.00119355759535393
0.0282427475825275,0.00119461498803692
0.0283094364788263,0.00119565242508128
0.028376125375125,0.00119666903619983
0.0284027117515016,0.00119706568856285
0.0284428142714238,0.00119766706992918
0.0285095031677226,0.00119864459062605
0.0285761920640213,0.00119959881755247
0.0286428809603201,0.00120052905717375
0.0287095698566189,0.00120143466430941
0.0287762587529176,0.00120231504232618
0.0288429476492164,0.00120316964284031
0.0289096365455152,0.00120399796494959
0.0289763254418139,0.00120479955402261
0.0290430143381127,0.00120557400008026
0.0291097032344115,0.00120632093580998
0.0291763921307102,0.00120704003425933
0.0291791901373058,0.00120706902300767
0.029243081027009,0.00120773440822723
0.0293097699233078,0.00120840040397677
0.0293764588196065,0.00120903764930277
0.0294431477159053,0.00120964595016484
0.0295098366122041,0.00121022513859378
0.0295765255085028,0.00121077506961055
0.0296432144048016,0.00121129561822694
0.0297099033011004,0.00121178667658583
0.0297765921973991,0.00121224815129543
0.0298432810936979,0.00121267996100854
0.0299099699899967,0.00121308203429299
0.0299766588862954,0.00121345430783421
0.0300433477825942,0.0012137967250047
0.030110036678893,0.00121410923482898
0.0301767255751917,0.00121439179136542
0.0302434144714905,0.00121464435351891
0.0303101033677893,0.00121486688529152
0.030376792264088,0.00121505935646978
0.0304434811603868,0.00121522174374047
0.0305101700566856,0.00121535403221901
0.0305768589529843,0.00121545621736736
0.0306435478492831,0.00121552830727179
0.0307102367455819,0.00121557032524447
0.0307769256418806,0.00121558231270685
0.0308436145381794,0.00121556433230815
0.0309103034344782,0.00121551647122769
0.0309769923307769,0.00121543884460612
0.0310436812270757,0.0012153315990483
0.0311103701233745,0.00121519491613851
0.0311770590196732,0.0012150290159079
0.031243747915972,0.00121483416019439
0.0313104368122708,0.00121461065583604
0.0313771257085695,0.00121435885764116
0.0314438146048683,0.00121407917108119
0.0315105035011671,0.00121377205465636
0.0315771923974658,0.00121343802188877
0.0316438812937646,0.00121307764290262
0.0317105701900634,0.00121269154555802
0.0317772590863621,0.00121228041611075
0.0318439479826609,0.00121184499937819
0.0319106368789597,0.00121138609839854
0.0319773257752584,0.00121090457357882
0.0320440146715572,0.00121040134133468
0.032110703567856,0.00120987737223317
0.0321773924641547,0.00120933368865738
0.0322440813604535,0.00120877136201963
0.0323107702567522,0.00120819150955677
0.032377459153051,0.00120759529074823
0.0324348641332719,0.00120706902300767
0.0324441480493498,0.00120698434016032
0.0325108369456485,0.00120636222479123
0.0325775258419473,0.00120572749947132
0.0326442147382461,0.00120508144442301
0.0327109036345448,0.001204425360262
0.0327775925308436,0.00120376056331046
0.0328442814271424,0.00120308838093867
0.0329109703234411,0.00120241014699909
0.0329776592197399,0.00120172719741526
0.0330443481160387,0.00120104086598497
0.0331110370123374,0.00120035248045363
0.0331777259086362,0.00119966335890874
0.033244414804935,0.00119897480654076
0.0333111037012337,0.00119828811280932
0.0333777925975325,0.00119760454904595
0.033430703633216,0.00119706568856285
0.0334444814938313,0.00119692608671498
0.03351117039013,0.00119625597275834
0.0335778592864288,0.00119559264296141
0.0336445481827276,0.00119493727558208
0.0337112370790263,0.00119429102593986
0.0337779259753251,0.00119365502682914
0.0338446148716239,0.0011930303893521
0.0339113037679226,0.00119241820413514
0.0339779926642214,0.00119181954288548
0.0340446815605202,0.00119123546023809
0.0341113704568189,0.00119066699583697
0.0341780593531177,0.00119011517659053
0.0342447482494165,0.00118958101903648
0.0343114371457152,0.00118906553174981
0.034378126042014,0.00118856971772537
0.0344448149383128,0.00118809457666719
0.0345115038346115,0.00118764110711747
0.0345781927309103,0.00118721030836071
0.0346024277651843,0.00118706235411804
0.0346448816272091,0.00118680451576507
0.0347115705235078,0.00118642403557692
0.0347782594198066,0.00118606911095873
0.0348449483161054,0.00118574075133642
0.0349116372124041,0.00118543997108333
0.0349783261087029,0.00118516778901611
0.0350450150050017,0.00118492522738093
0.0351117039013004,0.0011847133103227
0.0351783927975992,0.0011845330618397
0.035245081693898,0.00118438550323598
0.0353117705901967,0.00118427165009373
0.0353784594864955,0.00118419250879723
0.0354451483827943,0.00118414907264873
0.035511837279093,0.00118414231762513
0.0355785261753918,0.0011841731978316
0.0356452150716906,0.00118424264071456
0.0357119039679893,0.00118435154210194
0.0357785928642881,0.00118450076114259
0.0358452817605869,0.00118469111521932
0.0359119706568856,0.00118492337491177
0.0359786595531844,0.00118519825908487
0.0360453484494832,0.00118551643017758
0.0361120373457819,0.00118587848976348
0.0361787262420807,0.00118628497445109
0.0362454151383795,0.00118673635218586
0.036289187488594,0.00118706235411804
0.0363121040346782,0.00118723389997007
0.036378792930977,0.00118777897609385
0.0364454818272758,0.00118837014342544
0.0365121707235745,0.00118900756900786
0.0365788596198733,0.00118969134003642
0.0366455485161721,0.00119042146344326
0.0367122374124708,0.0011911978660919
0.0367789263087696,0.00119202039557196
0.0368456152050684,0.00119288882157433
0.0369123041013671,0.00119380283781722
0.0369789929976659,0.00119476206448461
0.0370456818939647,0.00119576605113012
0.0371123707902634,0.00119681427999206
0.0371277245255663,0.00119706568856285
0.0371790596865622,0.00119791050708732
0.037245748582861,0.00119905127345815
0.0373124374791597,0.00120023458144771
0.0373791263754585,0.00120145967927161
0.0374458152717572,0.00120272576799584
0.037512504168056,0.00120403200592639
0.0375791930643548,0.00120537751292315
0.0376458819606535,0.0012067613745686
0.0376603160700662,0.00120706902300767
0.0377125708569523,0.00120818839417931
0.0377792597532511,0.0012096536277243
0.0378459486495498,0.00121115448707198
0.0379126375458486,0.00121268995167551
0.0379793264421474,0.0012142589831761
0.0380460153384461,0.00121586052757677
0.0380955034139649,0.00121707235745248
0.0381127042347449,0.00121749569006906
0.0381793931310437,0.00121916762486093
0.0382460820273424,0.00122086897968206
0.0383127709236412,0.00122259864429846
0.03837945981994,0.00122435549675741
0.0384461487162387,0.00122613840286964
0.0384807233531199,0.0012270756918973
0.0385128376125375,0.00122795070282641
0.0385795265088363,0.00122979169820696
0.038646215405135,0.00123165537219411
0.0387129043014338,0.00123354052306671
0.0387795931977326,0.00123544592948156
0.0388361860569066,0.00123707902634211
0.0388462820940313,0.00123737184856346
0.0389129709903301,0.00123932401120878
0.0389796598866289,0.00124129270621095
0.0390463487829276,0.00124327660616378
0.0391130376792264,0.00124527435379574
0.0391730182074547,0.00124708236078693
0.0391797265755252,0.00124728560032331
0.0392464154718239,0.00124931723767494
0.0393131043681227,0.00125135850031772
0.0393797932644215,0.00125340788986731
0.0394464821607202,0.0012554638724014
0.0394989594635661,0.00125708569523174
0.039513171057019,0.00125752713540698
0.0395798599533178,0.00125960216706657
0.0396465488496165,0.00126167898423652
0.0397132377459153,0.0012637559068957
0.0397799266422141,0.00126583122366384
0.0398204094914237,0.00126708902967656
0.0398466155385128,0.00126790737567029
0.0399133044348116,0.00126998484665608
0.0399799933311104,0.00127205537640864
0.0400466822274091,0.00127411714560921
0.0401133711237079,0.00127616831856063
0.0401435963587398,0.00127709236412137
0.0401800600200067,0.00127821277122573
0.0402467489163054,0.00128024759452863
0.0403134378126042,0.00128226617444624
0.040380126708903,0.00128426664335162
0.0404468156052017,0.00128624713947598
0.0404757063055245,0.00128709569856619
0.0405135045015005,0.00128821151236422
0.0405801933977993,0.001290156461421
0.040646882294098,0.00129207580411009
0.0407135711903968,0.00129396774017621
0.0407802600866956,0.00129583049840367
0.0408264409960459,0.001297099033011
0.0408469489829943,0.00129766523368251
0.0409136378792931,0.00129947369896952
0.0409803267755919,0.00130124771034938
0.0410470156718906,0.00130298564270745
0.0411137045681894,0.00130468591773739
0.0411803934644882,0.00130634700638958
0.041211480566187,0.00130710236745582
0.0412470823607869,0.0013079718730933
0.0413137712570857,0.00130955831272203
0.0413804601533845,0.00131110106832577
0.0414471490496832,0.0013125988172716
0.041513837945982,0.0013140502925818
0.0415805268422808,0.00131545428297155
0.0416472157385795,0.00131680963253156
0.0416623393023016,0.00131710570190063
0.0417139046348783,0.00131812042180686
0.0417805935311771,0.00131938167949465
0.0418472824274758,0.00132059088598875
0.0419139713237746,0.0013217470929969
0.0419806602200734,0.00132284940215238
0.0420473491163721,0.001323896963302
0.0421140380126709,0.00132488897271226
0.0421807269089697,0.00132582467123991
0.0422474158052684,0.00132670334251319
0.0422803729351292,0.00132710903634545
0.0423141047015672,0.00132752644138543
0.042380793597866,0.00132829298321059
0.0424474824941647,0.00132900028575237
0.0425141713904635,0.0013296477845991
0.0425808602867623,0.00133023495083871
0.042647549183061,0.00133076129015181
0.0427142380793598,0.00133122634217444
0.0427809269756586,0.0013316296801523
0.0428476158719573,0.001331970910903
0.0429143047682561,0.00133224967509804
0.0429809936645549,0.00133246564787057
0.0430476825608536,0.00133261853975011
0.0431143714571524,0.00133270809791936
0.0431810603534512,0.00133273410778384
0.0432477492497499,0.00133269639483921
0.0433144381460487,0.00133259482681681
0.0433811270423475,0.00133242931608301
0.0434478159386462,0.00133219982226378
0.043514504834945,0.00133190635506221
0.0435811937312438,0.00133154897723294
0.0436478826275425,0.00133112780767473
0.0437145715238413,0.00133064302459987
0.04378126042014,0.00133009486873737
0.0438479493164388,0.00132948364652534
0.0439146382127376,0.00132880973324751
0.0439813271090363,0.00132807357606858
0.0440480160053351,0.00132727569692381
0.0440609566269537,0.00132710903634545
0.0441147049016339,0.00132642024580355
0.0441813937979326,0.00132550551860392
0.0442480826942314,0.00132453141866377
0.0443147715905302,0.00132349878732754
0.0443814604868289,0.00132240855105186
0.0444481493831277,0.00132126172258675
0.0445148382794265,0.00132005940176763
0.0445815271757252,0.00131880277589908
0.044648216072024,0.00131749311971617
0.0446671978946838,0.00131710570190063
0.0447149049683228,0.00131613680076908
0.0447815938646215,0.00131473251319896
0.0448482827609203,0.00131327979077999
0.0449149716572191,0.00131178024068653
0.0449816605535178,0.00131023555050488
0.0450483494498166,0.00130864748570997
0.0451115818225679,0.00130710236745582
0.0451150383461154,0.00130701832148671
0.0451817272424141,0.00130535769158619
0.0452484161387129,0.00130365961755739
0.0453151050350117,0.00130192613416683
0.0453817939313104,0.00130015933652309
0.0454484828276092,0.00129836137599059
0.0454945655893835,0.001297099033011
0.045515171723908,0.00129653736392429
0.0455818606202067,0.00129469328566148
0.0456485495165055,0.00129282492388053
0.0457152384128043,0.00129093460095344
0.045781927309103,0.00128902467427829
0.0458486162054018,0.00128709753229734
0.0458486791883462,0.00128709569856619
0.0459153051017006,0.00128516559491384
0.0459819939979993,0.00128322137564729
0.0460486828942981,0.00128126731238834
0.0461153717905969,0.00127930586966845
0.0461820606868956,0.00127733952648083
0.0461904338360219,0.00127709236412137
0.0462487495831944,0.00127537966145917
0.0463154384794932,0.00127342116929864
0.0463821273757919,0.0012714652709823
0.0464488162720907,0.00126951446986049
0.0465155051683895,0.00126757127500282
0.04653214296325,0.00126708902967656
0.0465821940646882,0.0012656456999855
0.046648882960987,0.00126373519671993
0.0467155718572858,0.00126183978275599
0.0467822607535845,0.00125996197172863
0.0468489496498833,0.00125810428146588
0.0468859673847785,0.00125708569523174
0.0469156385461821,0.00125627346004273
0.0469823274424808,0.00125447295413006
0.0470490163387796,0.00125270001163607
0.0471157052350784,0.00125095715598159
0.0471823941313771,0.0012492469157532
0.0472490830276759,0.00124757182461175
0.047269018043052,0.00124708236078693
0.0473157719239747,0.00124594036971098
0.0473824608202734,0.00124435147534496
0.0474491497165722,0.00124280513735393
0.047515838612871,0.00124130388926646
0.0475825275091697,0.00123985026456981
0.0476492164054685,0.00123844679446333
0.0477159053017673,0.00123709600512402
0.0477167792322512,0.00123707902634211
0.047782594198066,0.00123580704377993
0.0478492830943648,0.00123457557604195
0.0479159719906636,0.00123340399017311
0.0479826608869623,0.00123229474164206
0.0480493497832611,0.00123125025992203
0.0481160386795599,0.00123027294288569
0.0481827275758586,0.00122936515081105
0.0482494164721574,0.00122852920004994
0.0483161053684562,0.00122776735641846
0.0483827942647549,0.00122708182837569
0.0483834683229984,0.0012270756918973
0.0484494831610537,0.00122647787252809
0.0485161720573525,0.0012259540629671
0.0485828609536512,0.00122551235216762
0.04864954984995,0.00122515463961415
0.0487162387462487,0.00122488273330458
0.0487829276425475,0.00122469834329791
0.0488496165388463,0.00122460307559454
0.048916305435145,0.00122459842642149
0.0489829943314438,0.00122468577698925
0.0490496832277426,0.00122486638878007
0.0491163721240413,0.00122514139941914
0.0491830610203401,0.00122551181917154
0.0492497499166389,0.00122597852809751
0.0493164388129376,0.00122654227388866
0.0493702214261333,0.0012270756918973
0.0493831277092364,0.00122720433522511
0.0494498166055352,0.0012279678067371
0.0495165055018339,0.00122883026322734
0.0495831943981327,0.00122979191603874
0.0496498832944315,0.00123085284286363
0.0497165721907302,0.00123201298952758
0.049783261087029,0.00123327217231477
0.0498499499833278,0.00123463008077759
0.0499166388796265,0.00123608628096664
0.0499592395107464,0.00123707902634211
0.0499833277759253,0.00123764313219505
